PSUADE_IO (Note : inputs not true inputs if pdf ~=U)
12 2 200
1 1
 -9.5979899497487442e-01
  1.0552763819095490e-01
  2.1608040201005019e-01
 -2.1608040201005019e-01
 -2.5628140703517588e-01
  4.5728643216080411e-01
  7.4874371859296485e-01
 -4.4723618090452255e-01
  4.4723618090452266e-01
 -1.9597989949748740e-01
  5.7788944723618085e-01
  6.7839195979899491e-01
 -1.6979984061153328e+00
 -7.8296928608517824e-01
2 1
 -9.5477386934673336e-02
  8.5427135678391997e-02
 -9.7989949748743721e-01
 -4.8743718592964824e-01
  3.5175879396984966e-02
  2.6633165829145722e-01
 -5.0753768844221103e-01
 -2.2613065326633164e-01
 -6.2814070351758788e-01
 -2.6633165829145733e-01
 -1.8592964824120606e-01
  4.5728643216080411e-01
  9.7708275149071300e-01
  8.6655187317087226e-02
3 1
 -6.9849246231155782e-01
 -5.9798994974874375e-01
 -9.6984924623115576e-01
  2.5125628140703515e-02
  8.1909547738693478e-01
  4.3718592964824121e-01
  4.7738693467336679e-01
 -2.3618090452261309e-01
 -7.9899497487437188e-01
 -2.5125628140703515e-02
  4.4723618090452266e-01
  5.2763819095477382e-01
 -6.4229247835711212e-02
  2.8546752874255432e-01
4 1
  2.1608040201005019e-01
  7.2864321608040195e-01
  4.9748743718592969e-01
  5.6783919597989962e-01
  6.7839195979899491e-01
 -4.0703517587939697e-01
 -7.3869346733668340e-01
  3.3668341708542715e-01
  7.1859296482412072e-01
  6.4824120603015079e-01
 -6.2814070351758788e-01
 -8.6934673366834170e-01
 -4.7115433927748318e-01
 -3.5869634004753126e-01
5 1
  5.6783919597989962e-01
  5.4773869346733672e-01
 -2.2613065326633164e-01
  3.8693467336683418e-01
 -1.7587939698492461e-01
 -7.4874371859296485e-01
  9.5979899497487442e-01
 -4.5728643216080400e-01
  8.0904522613065333e-01
 -5.4773869346733672e-01
 -5.5276381909547756e-02
 -5.1758793969849248e-01
  6.8926859881410230e-03
 -2.7551395275787588e-01
6 1
 -7.2864321608040195e-01
  2.1608040201005019e-01
  8.3919597989949746e-01
  3.5175879396984966e-02
  2.3618090452261309e-01
  3.5678391959799005e-01
  5.5778894472361817e-01
 -4.1708542713567842e-01
 -1.0552763819095479e-01
  8.2914572864321601e-01
 -2.1608040201005019e-01
 -6.7839195979899491e-01
 -3.1244899457239317e-01
  4.2873885496162900e-01
7 1
 -9.8994974874371855e-01
 -4.8743718592964824e-01
  1.8592964824120606e-01
 -1.5577889447236182e-01
  1.2562814070351758e-01
 -5.5778894472361806e-01
 -2.5125628140703515e-02
 -5.0251256281407253e-03
  3.0653266331658302e-01
  3.2663316582914570e-01
 -7.1859296482412061e-01
  4.0703517587939708e-01
  6.8168868804649607e-01
  3.7295738813166252e-01
8 1
  7.9899497487437188e-01
  7.5879396984924630e-01
 -1.2562814070351758e-01
  3.0653266331658302e-01
 -4.4723618090452255e-01
  8.5427135678391997e-02
 -9.4974874371859297e-01
 -1.6582914572864316e-01
 -5.4773869346733672e-01
 -2.5628140703517588e-01
  9.5979899497487442e-01
  4.2713567839195976e-01
  7.2095667234701777e-01
  1.1278525332033812e-01
9 1
  5.1758793969849259e-01
 -1.9597989949748740e-01
  7.4874371859296485e-01
 -9.8994974874371855e-01
  7.0854271356783927e-01
  6.7839195979899491e-01
 -2.0603015075376885e-01
 -4.6733668341708545e-01
  8.7939698492462304e-01
  1.8592964824120606e-01
 -4.7738693467336679e-01
  8.0904522613065333e-01
 -5.2576729719087623e-01
  2.7664695774948594e-01
10 1
  8.2914572864321601e-01
 -5.2763819095477382e-01
 -1.7587939698492461e-01
 -1.7587939698492461e-01
  4.2713567839195976e-01
 -2.6633165829145733e-01
 -1.3567839195979903e-01
  3.7688442211055273e-01
 -5.5276381909547756e-02
  7.0854271356783927e-01
 -7.7889447236180898e-01
 -4.6733668341708545e-01
  1.1713427532358461e-02
 -6.1710781351452082e-01
11 1
 -4.3718592964824121e-01
  9.6984924623115587e-01
  4.1708542713567831e-01
 -2.6633165829145733e-01
 -3.9698492462311552e-01
 -6.8844221105527637e-01
 -5.1758793969849248e-01
 -4.9748743718592969e-01
 -9.3969849246231152e-01
  2.6633165829145722e-01
 -3.5678391959798994e-01
 -9.4974874371859297e-01
  8.6045223658518444e-01
  5.2375480573096812e-03
12 1
 -5.2763819095477382e-01
  2.8643216080402012e-01
 -3.5175879396984966e-02
  6.5326633165829096e-02
  5.5778894472361817e-01
 -8.8944723618090449e-01
  4.4723618090452266e-01
 -1.1557788944723613e-01
 -6.1809045226130654e-01
  4.6733668341708534e-01
  1.4572864321608048e-01
 -8.1909547738693467e-01
  1.0680134495450675e+00
  8.0398930732956653e-01
13 1
  3.9698492462311563e-01
 -9.8994974874371855e-01
 -8.7939698492462315e-01
 -3.2663316582914570e-01
  3.9698492462311563e-01
  1.1557788944723613e-01
  9.6984924623115587e-01
  4.2713567839195976e-01
  8.1909547738693478e-01
  9.2964824120603007e-01
  3.7688442211055273e-01
  3.8693467336683418e-01
 -1.0398522844221321e+00
 -2.5261548986088478e-01
14 1
 -2.3618090452261309e-01
  5.9798994974874375e-01
 -3.1658291457286436e-01
 -4.5728643216080400e-01
 -7.1859296482412061e-01
  7.9899497487437188e-01
  1.1557788944723613e-01
 -5.6783919597989951e-01
 -1.1557788944723613e-01
 -7.2864321608040195e-01
 -5.3768844221105527e-01
  7.3869346733668340e-01
  5.2834848937950485e-01
  3.5342614727886229e-01
15 1
 -4.9748743718592969e-01
 -3.7688442211055273e-01
  1.0000000000000000e+00
 -9.2964824120603018e-01
 -2.2613065326633164e-01
 -3.4673366834170849e-01
 -1.2562814070351758e-01
  5.5276381909547645e-02
  7.8894472361809043e-01
  1.4572864321608048e-01
  1.5075376884422065e-02
 -2.7638190954773867e-01
 -5.5488103393271626e-01
 -3.8464065326642899e-01
16 1
 -3.5678391959798994e-01
  8.6934673366834181e-01
  4.7738693467336679e-01
  7.1859296482412072e-01
  3.0653266331658302e-01
  1.6582914572864316e-01
 -8.4924623115577891e-01
  5.0251256281406143e-03
  6.0804020100502520e-01
  3.8693467336683418e-01
  8.4924623115577891e-01
 -9.8994974874371855e-01
 -1.8435438451530456e-01
  7.0410637956900146e-01
17 1
  2.0603015075376896e-01
 -1.6582914572864316e-01
 -4.6733668341708545e-01
 -1.1557788944723613e-01
  3.3668341708542715e-01
  1.5577889447236193e-01
 -1.5577889447236182e-01
 -7.7889447236180898e-01
  3.1658291457286425e-01
 -7.4874371859296485e-01
 -4.5226130653266305e-02
  3.1658291457286425e-01
  1.2925606999415757e+00
  1.1274295010432427e+00
18 1
 -7.4874371859296485e-01
 -8.0904522613065333e-01
  5.2763819095477382e-01
 -2.5125628140703515e-02
 -5.1758793969849248e-01
 -3.1658291457286436e-01
 -3.4673366834170849e-01
 -7.8894472361809043e-01
 -3.5175879396984966e-02
  3.9698492462311563e-01
 -8.7939698492462315e-01
 -1.0000000000000000e+00
  1.3122723202131370e+00
  7.0825185223799203e-01
19 1
  6.0804020100502520e-01
 -4.2713567839195976e-01
 -8.4924623115577891e-01
  9.5477386934673447e-02
  8.2914572864321601e-01
  6.5829145728643224e-01
  8.7939698492462304e-01
  8.3919597989949746e-01
  3.8693467336683418e-01
  5.4773869346733672e-01
  9.6984924623115587e-01
  5.1758793969849259e-01
 -2.8652376990320136e+00
 -1.1624309369449679e+00
20 1
  3.4673366834170860e-01
  8.3919597989949746e-01
  5.8793969849246230e-01
  7.9899497487437188e-01
 -3.2663316582914570e-01
  9.0954773869346739e-01
  3.2663316582914570e-01
  1.5075376884422065e-02
  1.2562814070351758e-01
  6.5326633165829096e-02
  8.5929648241206036e-01
 -3.0653266331658291e-01
 -1.5484939448736397e+00
 -7.8975603606825695e-01
21 1
  1.3567839195979903e-01
  6.8844221105527637e-01
  8.6934673366834181e-01
 -8.7939698492462315e-01
 -1.0000000000000000e+00
  1.2562814070351758e-01
  7.7889447236180898e-01
 -2.5125628140703515e-02
 -6.0804020100502509e-01
  2.3618090452261309e-01
 -4.8743718592964824e-01
 -6.5326633165829096e-02
  9.9973688906301261e-01
  4.6246537801417575e-01
22 1
 -6.7839195979899491e-01
 -2.2613065326633164e-01
 -3.0653266331658291e-01
  4.6733668341708534e-01
  1.0552763819095490e-01
 -1.5577889447236182e-01
  1.7587939698492461e-01
 -6.1809045226130654e-01
 -5.5778894472361806e-01
  1.7587939698492461e-01
 -3.5175879396984966e-02
 -2.3618090452261309e-01
  7.0646299757521069e-01
  1.6302433321177954e-02
23 1
  5.7788944723618085e-01
 -2.3618090452261309e-01
 -7.5879396984924630e-01
 -5.7788944723618085e-01
 -5.3768844221105527e-01
 -4.1708542713567842e-01
 -1.0552763819095479e-01
  1.0552763819095490e-01
 -9.2964824120603018e-01
 -2.8643216080402012e-01
  7.5376884422110546e-02
  5.5276381909547645e-02
  7.4352780463798074e-01
  5.3911647556958745e-05
24 1
  7.2864321608040195e-01
  1.5075376884422065e-02
 -6.8844221105527637e-01
 -1.4572864321608037e-01
  8.0904522613065333e-01
  6.0804020100502520e-01
 -5.5778894472361806e-01
 -7.5879396984924630e-01
  7.5879396984924630e-01
  2.7638190954773867e-01
 -9.4974874371859297e-01
 -8.3919597989949746e-01
 -3.3805481772433776e-01
 -6.8413352876790512e-02
25 1
  8.3919597989949746e-01
 -1.5075376884422065e-02
 -7.3869346733668340e-01
 -8.3919597989949746e-01
  8.5427135678391997e-02
  2.3618090452261309e-01
 -1.9597989949748740e-01
 -5.5276381909547756e-02
 -6.9849246231155782e-01
  8.5929648241206036e-01
 -8.4924623115577891e-01
 -5.5276381909547756e-02
  1.0747771457679471e+00
  4.8038896487074639e-01
26 1
  2.4623115577889454e-01
  3.4673366834170860e-01
 -4.5226130653266305e-02
 -2.7638190954773867e-01
 -9.2964824120603018e-01
 -9.1959798994974873e-01
 -2.3618090452261309e-01
 -5.2763819095477382e-01
 -7.2864321608040195e-01
 -2.0603015075376885e-01
  5.2763819095477382e-01
  4.8743718592964824e-01
  1.8147702638993000e+00
  1.9600162034865207e+00
27 1
 -5.8793969849246230e-01
  7.5376884422110546e-02
  1.2562814070351758e-01
  8.3919597989949746e-01
  5.5276381909547645e-02
  8.7939698492462304e-01
 -9.6984924623115576e-01
 -8.1909547738693467e-01
 -1.7587939698492461e-01
 -6.1809045226130654e-01
 -9.8994974874371855e-01
 -4.2713567839195976e-01
  8.7308571907909760e-01
  9.9275465394897386e-02
28 1
  8.9949748743718594e-01
  4.3718592964824121e-01
 -4.9748743718592969e-01
 -3.6683417085427139e-01
 -8.5929648241206036e-01
 -8.0904522613065333e-01
 -6.4824120603015079e-01
 -3.9698492462311552e-01
 -4.4723618090452255e-01
  7.1859296482412072e-01
  8.7939698492462304e-01
  3.7688442211055273e-01
  9.6488257563663948e-01
 -2.1044092164856332e-01
29 1
  9.8994974874371855e-01
  9.8994974874371855e-01
  3.9698492462311563e-01
 -7.2864321608040195e-01
 -2.3618090452261309e-01
 -5.5276381909547756e-02
 -8.1909547738693467e-01
  7.4874371859296485e-01
 -7.4874371859296485e-01
  1.0552763819095490e-01
 -8.5929648241206036e-01
 -8.2914572864321612e-01
  1.0193295918489760e+00
  8.0784160433680330e-01
30 1
 -7.1859296482412061e-01
  6.1809045226130666e-01
 -5.2763819095477382e-01
  1.9597989949748751e-01
 -2.8643216080402012e-01
 -3.2663316582914570e-01
  2.1608040201005019e-01
  1.8592964824120606e-01
  2.9648241206030157e-01
  2.4623115577889454e-01
  2.6633165829145722e-01
  1.2562814070351758e-01
 -1.0966764022373975e-02
  5.7129966078316968e-13
31 1
  9.3969849246231152e-01
 -5.0753768844221103e-01
 -5.9798994974874375e-01
  1.3567839195979903e-01
  7.5376884422110546e-02
  7.2864321608040195e-01
 -8.3919597989949746e-01
 -5.8793969849246230e-01
 -4.3718592964824121e-01
  4.5226130653266416e-02
 -7.4874371859296485e-01
  4.3718592964824121e-01
  1.1154389114141154e+00
  8.6219011687289482e-01
32 1
  1.5075376884422065e-02
 -1.7587939698492461e-01
  9.5477386934673447e-02
 -4.3718592964824121e-01
  3.2663316582914570e-01
  5.9798994974874375e-01
 -5.4773869346733672e-01
 -1.3567839195979903e-01
  3.5175879396984966e-02
  6.3819095477386933e-01
  1.2562814070351758e-01
 -1.2562814070351758e-01
 -5.6032970149716965e-01
 -2.7797037386561002e-01
33 1
 -7.5879396984924630e-01
  8.0904522613065333e-01
  6.7839195979899491e-01
  4.5226130653266416e-02
  2.0603015075376896e-01
 -4.8743718592964824e-01
  4.8743718592964824e-01
  6.6834170854271369e-01
  9.0954773869346739e-01
 -9.5477386934673336e-02
  4.2713567839195976e-01
 -6.4824120603015079e-01
 -6.7795734212541026e-01
  5.0703914184384324e-01
34 1
  7.6884422110552775e-01
 -9.6984924623115576e-01
 -8.6934673366834170e-01
  6.3819095477386933e-01
  5.0251256281406143e-03
 -5.0251256281407253e-03
 -7.4874371859296485e-01
 -3.7688442211055273e-01
  6.9849246231155782e-01
  5.8793969849246230e-01
 -2.4623115577889443e-01
 -3.5175879396984966e-02
  2.9735574889382138e-02
 -2.9373586662763135e-01
35 1
 -7.7889447236180898e-01
  2.6633165829145722e-01
 -5.4773869346733672e-01
 -7.9899497487437188e-01
 -9.5477386934673336e-02
  5.0753768844221114e-01
 -1.7587939698492461e-01
 -4.8743718592964824e-01
  8.4924623115577891e-01
  7.9899497487437188e-01
 -7.8894472361809043e-01
 -2.8643216080402012e-01
 -1.6248865154922820e-01
 -1.2201724294528712e-01
36 1
  4.4723618090452266e-01
  1.6582914572864316e-01
 -4.8743718592964824e-01
  2.0603015075376896e-01
  2.7638190954773867e-01
  8.0904522613065333e-01
 -7.1859296482412061e-01
 -3.8693467336683418e-01
 -4.0703517587939697e-01
  6.6834170854271369e-01
 -4.5728643216080400e-01
  8.1909547738693478e-01
 -5.7812876535567048e-01
 -6.4329426647593058e-01
37 1
 -2.6633165829145733e-01
 -6.9849246231155782e-01
 -7.5376884422110546e-02
  1.5577889447236193e-01
 -4.6733668341708545e-01
 -7.1859296482412061e-01
 -8.6934673366834170e-01
  2.8643216080402012e-01
 -8.8944723618090449e-01
 -6.9849246231155782e-01
  6.7839195979899491e-01
 -1.7587939698492461e-01
  1.7887105191543042e+00
  7.1699103949190690e-01
38 1
 -6.2814070351758788e-01
 -2.4623115577889443e-01
 -8.5427135678391997e-02
  4.2713567839195976e-01
 -1.5075376884422065e-02
  4.1708542713567831e-01
 -3.6683417085427139e-01
  6.8844221105527637e-01
  7.6884422110552775e-01
  6.2814070351758788e-01
  5.6783919597989962e-01
  2.9648241206030157e-01
 -2.2664192290219920e+00
 -1.0477872023864592e+00
39 1
  7.7889447236180898e-01
 -7.4874371859296485e-01
  6.6834170854271369e-01
 -3.9698492462311552e-01
  4.6733668341708534e-01
  1.0552763819095490e-01
 -3.2663316582914570e-01
  1.7587939698492461e-01
  5.2763819095477382e-01
 -8.9949748743718594e-01
 -1.6582914572864316e-01
 -3.2663316582914570e-01
 -4.9767929221901590e-02
 -6.2225828865174453e-04
40 1
 -8.1909547738693467e-01
 -7.6884422110552764e-01
  3.5678391959799005e-01
 -1.8592964824120606e-01
  1.1557788944723613e-01
 -1.9597989949748740e-01
 -7.7889447236180898e-01
  5.9798994974874375e-01
 -2.3618090452261309e-01
  2.5125628140703515e-02
 -4.6733668341708545e-01
 -7.8894472361809043e-01
  1.0025650838283802e+00
  4.2884585784166945e-01
41 1
 -3.6683417085427139e-01
 -7.5376884422110546e-02
 -3.4673366834170849e-01
  4.3718592964824121e-01
  4.3718592964824121e-01
  6.6834170854271369e-01
 -5.9798994974874375e-01
 -2.9648241206030146e-01
  6.8844221105527637e-01
 -9.5979899497487442e-01
  3.9698492462311563e-01
  1.7587939698492461e-01
 -7.8709783546654366e-01
 -4.0363720386046020e-01
42 1
 -1.5577889447236182e-01
  8.2914572864321601e-01
 -5.3768844221105527e-01
 -6.6834170854271358e-01
  2.2613065326633164e-01
 -3.5175879396984966e-02
  1.9597989949748751e-01
  8.5929648241206036e-01
  5.5778894472361817e-01
 -5.5276381909547756e-02
 -6.9849246231155782e-01
  6.6834170854271369e-01
 -9.0238140417476376e-01
 -2.7320877471611277e-01
43 1
  7.1859296482412072e-01
 -4.0703517587939697e-01
  2.9648241206030157e-01
  7.5376884422110546e-02
 -3.3668341708542715e-01
  2.9648241206030157e-01
  6.2814070351758788e-01
 -5.5778894472361806e-01
  7.2864321608040195e-01
 -2.9648241206030146e-01
  8.5427135678391997e-02
 -5.4773869346733672e-01
 -3.0278959678619871e-01
 -5.7117638543123816e-01
44 1
  7.3869346733668340e-01
  6.6834170854271369e-01
  7.8894472361809043e-01
 -9.5979899497487442e-01
 -1.4572864321608037e-01
  4.2713567839195976e-01
 -4.7738693467336679e-01
  2.4623115577889454e-01
 -6.7839195979899491e-01
  4.5728643216080411e-01
  3.0653266331658302e-01
 -8.9949748743718594e-01
  8.5001831175162201e-01
  4.9062777827761861e-01
45 1
  9.5979899497487442e-01
 -5.4773869346733672e-01
 -3.3668341708542715e-01
  3.2663316582914570e-01
 -5.8793969849246230e-01
  4.5226130653266416e-02
 -2.5628140703517588e-01
 -4.3718592964824121e-01
 -1.2562814070351758e-01
  2.0603015075376896e-01
 -3.6683417085427139e-01
 -9.6984924623115576e-01
  4.2524041133556079e-01
  1.4982423312448434e-06
46 1
 -6.5326633165829096e-02
 -9.3969849246231152e-01
  4.5226130653266416e-02
  2.8643216080402012e-01
  7.6884422110552775e-01
  9.1959798994974884e-01
  1.2562814070351758e-01
 -8.7939698492462315e-01
 -9.8994974874371855e-01
 -9.1959798994974873e-01
  4.1708542713567831e-01
 -9.3969849246231152e-01
 -2.1718331317894943e-01
 -6.3903929608696219e-01
47 1
  2.6633165829145722e-01
  6.2814070351758788e-01
 -1.5075376884422065e-02
  5.0251256281406143e-03
 -7.5879396984924630e-01
  4.7738693467336679e-01
 -4.8743718592964824e-01
 -6.8844221105527637e-01
 -6.4824120603015079e-01
  9.5477386934673447e-02
 -3.0653266331658291e-01
 -1.6582914572864316e-01
  1.5485931829091499e+00
  3.2290411982996331e-01
48 1
 -4.8743718592964824e-01
  7.6884422110552775e-01
 -9.5979899497487442e-01
  7.2864321608040195e-01
  7.9899497487437188e-01
 -4.2713567839195976e-01
 -8.5929648241206036e-01
 -3.0653266331658291e-01
 -3.6683417085427139e-01
 -5.3768844221105527e-01
  9.0954773869346739e-01
 -3.6683417085427139e-01
  8.5035999068893553e-01
  6.9841399480492894e-01
49 1
 -6.4824120603015079e-01
  4.2713567839195976e-01
  8.1909547738693478e-01
  5.5276381909547645e-02
 -9.6984924623115576e-01
  5.8793969849246230e-01
 -7.0854271356783927e-01
  7.8894472361809043e-01
 -4.7738693467336679e-01
  9.0954773869346739e-01
 -9.1959798994974873e-01
 -5.7788944723618085e-01
  6.8121830367975522e-01
  3.7670835774713152e-01
50 1
 -6.3819095477386933e-01
 -8.5427135678391997e-02
 -6.1809045226130654e-01
 -7.7889447236180898e-01
 -2.9648241206030146e-01
 -9.5477386934673336e-02
  9.2964824120603007e-01
 -6.9849246231155782e-01
 -3.5678391959798994e-01
 -7.3869346733668340e-01
  8.6934673366834181e-01
  5.9798994974874375e-01
  2.9016447296796166e-01
  1.3505214003198152e-01
51 1
  6.5829145728643224e-01
  5.5276381909547645e-02
 -2.3618090452261309e-01
 -7.4874371859296485e-01
 -7.6884422110552764e-01
  6.8844221105527637e-01
 -1.8592964824120606e-01
 -2.7638190954773867e-01
 -7.6884422110552764e-01
 -5.0251256281407253e-03
  5.4773869346733672e-01
  8.4924623115577891e-01
  5.3914846240982628e-01
  5.7224122127893795e-01
52 1
  4.0703517587939708e-01
 -2.6633165829145733e-01
  8.5427135678391997e-02
  8.7939698492462304e-01
 -8.8944723618090449e-01
 -9.2964824120603018e-01
 -9.5979899497487442e-01
  7.9899497487437188e-01
 -3.3668341708542715e-01
  4.2713567839195976e-01
 -5.5778894472361806e-01
  9.6984924623115587e-01
  1.0613734557775409e+00
  4.4625617622547986e-01
53 1
  9.2964824120603007e-01
  8.5929648241206036e-01
 -7.8894472361809043e-01
 -2.5628140703517588e-01
  5.7788944723618085e-01
  3.9698492462311563e-01
  3.8693467336683418e-01
 -5.9798994974874375e-01
  9.8994974874371855e-01
 -4.1708542713567842e-01
 -9.6984924623115576e-01
  7.8894472361809043e-01
 -1.5241800669378289e-01
  4.5893386673572061e-03
54 1
 -4.2713567839195976e-01
  7.7889447236180898e-01
 -7.4874371859296485e-01
  8.9949748743718594e-01
  2.4623115577889454e-01
  1.4572864321608048e-01
  2.3618090452261309e-01
  7.5376884422110546e-02
  5.8793969849246230e-01
  8.5427135678391997e-02
 -6.1809045226130654e-01
  3.6683417085427128e-01
 -4.2885667044722198e-01
  2.8325906581224580e-01
55 1
  6.1809045226130666e-01
  8.8944723618090449e-01
 -3.5678391959798994e-01
  3.6683417085427128e-01
 -3.5175879396984966e-02
  7.8894472361809043e-01
  4.6733668341708534e-01
  4.4723618090452266e-01
 -4.8743718592964824e-01
  1.2562814070351758e-01
 -2.2613065326633164e-01
 -4.5728643216080400e-01
 -5.8814128086125961e-01
 -1.5829223674035983e-01
56 1
 -5.6783919597989951e-01
  5.6783919597989962e-01
 -2.0603015075376885e-01
  7.7889447236180898e-01
 -6.3819095477386933e-01
 -7.0854271356783927e-01
  4.2713567839195976e-01
 -9.3969849246231152e-01
 -7.0854271356783927e-01
 -1.5075376884422065e-02
  6.4824120603015079e-01
 -4.5226130653266305e-02
  7.6124347967240813e-01
  1.5523386863722566e-02
57 1
  2.8643216080402012e-01
 -6.0804020100502509e-01
  2.5125628140703515e-02
 -7.5879396984924630e-01
 -7.4874371859296485e-01
  5.7788944723618085e-01
 -9.8994974874371855e-01
 -9.1959798994974873e-01
 -9.5979899497487442e-01
 -2.2613065326633164e-01
  4.0703517587939708e-01
 -8.5427135678391997e-02
  1.7488370460343268e+00
  4.1400021305147520e-02
58 1
  3.0653266331658302e-01
  1.0000000000000000e+00
 -3.9698492462311552e-01
  1.2562814070351758e-01
  6.1809045226130666e-01
  5.0251256281406143e-03
  8.1909547738693478e-01
  7.5879396984924630e-01
 -9.0954773869346739e-01
  7.5376884422110546e-02
  2.9648241206030157e-01
 -8.0904522613065333e-01
 -1.2690511073094806e+00
 -1.3056395139615069e+00
59 1
 -2.5125628140703515e-02
 -8.2914572864321612e-01
 -4.0703517587939697e-01
  3.5678391959799005e-01
  4.5728643216080411e-01
 -6.1809045226130654e-01
  1.0552763819095490e-01
  5.4773869346733672e-01
 -8.5929648241206036e-01
 -1.6582914572864316e-01
 -7.5879396984924630e-01
 -3.1658291457286436e-01
  1.2535442621215167e+00
  1.2160723401683445e-01
60 1
 -1.0552763819095479e-01
 -6.3819095477386933e-01
  8.7939698492462304e-01
 -6.3819095477386933e-01
  6.4824120603015079e-01
 -9.7989949748743721e-01
  3.1658291457286425e-01
  6.5326633165829096e-02
 -5.8793969849246230e-01
 -8.7939698492462315e-01
 -7.0854271356783927e-01
 -3.7688442211055273e-01
  1.7820304703943037e+00
  8.8528943996878451e-01
61 1
 -5.5778894472361806e-01
  6.0804020100502520e-01
 -9.5477386934673336e-02
 -1.6582914572864316e-01
 -8.2914572864321612e-01
  6.3819095477386933e-01
 -6.5326633165829096e-02
 -4.7738693467336679e-01
  9.6984924623115587e-01
  4.8743718592964824e-01
  6.0804020100502520e-01
 -7.6884422110552764e-01
 -8.6622548110207864e-02
 -1.9097230133190157e-01
62 1
  3.7688442211055273e-01
 -9.2964824120603018e-01
 -8.1909547738693467e-01
 -3.5678391959798994e-01
 -3.5678391959798994e-01
  8.4924623115577891e-01
 -7.6884422110552764e-01
 -4.2713567839195976e-01
  7.9899497487437188e-01
  8.4924623115577891e-01
  9.8994974874371855e-01
 -9.5477386934673336e-02
 -6.4461166477766341e-01
 -5.2026876894754082e-01
63 1
  9.0954773869346739e-01
  6.7839195979899491e-01
  7.5376884422110546e-02
 -4.6733668341708545e-01
 -2.0603015075376885e-01
  5.4773869346733672e-01
 -2.9648241206030146e-01
  1.6582914572864316e-01
 -3.4673366834170849e-01
 -3.0653266331658291e-01
 -5.6783919597989951e-01
 -4.3718592964824121e-01
  4.7900591040198998e-01
  7.1550947955667119e-02
64 1
  8.6934673366834181e-01
  3.5175879396984966e-02
  9.7989949748743732e-01
  3.9698492462311563e-01
 -8.3919597989949746e-01
 -1.8592964824120606e-01
 -4.6733668341708545e-01
 -7.4874371859296485e-01
  3.4673366834170860e-01
  1.1557788944723613e-01
 -4.4723618090452255e-01
  1.3567839195979903e-01
  9.2764610417284776e-01
  6.3742626886566744e-01
65 1
  4.9748743718592969e-01
 -5.5276381909547756e-02
 -2.5125628140703515e-02
 -6.0804020100502509e-01
  4.5226130653266416e-02
  8.2914572864321601e-01
  7.5879396984924630e-01
 -3.4673366834170849e-01
 -5.6783919597989951e-01
  1.6582914572864316e-01
 -8.3919597989949746e-01
  2.3618090452261309e-01
 -5.5485715251911960e-01
 -6.6746595352946192e-01
66 1
  6.9849246231155782e-01
 -2.5125628140703515e-02
 -5.0251256281407253e-03
  2.1608040201005019e-01
  4.4723618090452266e-01
 -3.6683417085427139e-01
  2.7638190954773867e-01
  8.0904522613065333e-01
  5.9798994974874375e-01
 -7.5376884422110546e-02
  2.7638190954773867e-01
 -4.0703517587939697e-01
 -1.0516885559125688e+00
 -6.8400335353553843e-01
67 1
 -1.9597989949748740e-01
  6.9849246231155782e-01
  1.0552763819095490e-01
  8.5929648241206036e-01
  9.5477386934673447e-02
  9.3969849246231152e-01
 -4.9748743718592969e-01
  8.5427135678391997e-02
 -1.5577889447236182e-01
  3.6683417085427128e-01
 -5.1758793969849248e-01
  2.6633165829145722e-01
 -9.7800645508115802e-01
 -7.0992735189692446e-01
68 1
  8.5427135678391997e-02
  2.0603015075376896e-01
  9.0954773869346739e-01
 -8.6934673366834170e-01
  6.3819095477386933e-01
 -2.4623115577889443e-01
  8.0904522613065333e-01
  8.6934673366834181e-01
  8.5427135678391997e-02
 -7.7889447236180898e-01
  9.4974874371859297e-01
 -4.8743718592964824e-01
 -5.7908379365626772e-01
 -6.4640664529463332e-01
69 1
 -9.7989949748743721e-01
 -4.1708542713567842e-01
 -2.5628140703517588e-01
 -4.1708542713567842e-01
  1.6582914572864316e-01
 -3.5678391959798994e-01
 -5.5276381909547756e-02
 -7.9899497487437188e-01
  3.7688442211055273e-01
 -7.8894472361809043e-01
 -9.5477386934673336e-02
 -8.8944723618090449e-01
  1.3852627352358753e+00
  8.2064648693568354e-01
70 1
  2.5125628140703515e-02
 -5.0251256281407253e-03
 -7.1859296482412061e-01
  9.8994974874371855e-01
  7.7889447236180898e-01
  2.8643216080402012e-01
  8.6934673366834181e-01
 -9.8994974874371855e-01
  2.1608040201005019e-01
 -6.8844221105527637e-01
  7.2864321608040195e-01
  9.4974874371859297e-01
 -1.5932009969159258e+00
 -6.5052850201631862e-01
71 1
  6.2814070351758788e-01
 -7.8894472361809043e-01
  4.5728643216080411e-01
  2.6633165829145722e-01
  9.2964824120603007e-01
  8.9949748743718594e-01
 -2.7638190954773867e-01
  9.7989949748743732e-01
 -9.5477386934673336e-02
  9.5979899497487442e-01
  3.5678391959799005e-01
 -1.4572864321608037e-01
 -1.9099172264411359e+00
 -1.3239620023262246e+00
72 1
  1.9597989949748751e-01
 -4.4723618090452255e-01
  8.8944723618090449e-01
 -8.0904522613065333e-01
 -5.5778894472361806e-01
  5.3768844221105527e-01
 -6.8844221105527637e-01
 -8.9949748743718594e-01
 -8.3919597989949746e-01
  9.3969849246231152e-01
  5.0753768844221114e-01
 -7.0854271356783927e-01
  1.9046003028111786e+00
  3.8640005410950995e-01
73 1
 -6.8844221105527637e-01
  3.2663316582914570e-01
  4.6733668341708534e-01
  1.0552763819095490e-01
  2.1608040201005019e-01
 -6.3819095477386933e-01
 -4.4723618090452255e-01
  3.6683417085427128e-01
 -4.1708542713567842e-01
  2.9648241206030157e-01
  4.7738693467336679e-01
  2.8643216080402012e-01
  1.3352617869405653e-01
 -7.5107505875082246e-05
74 1
 -1.6582914572864316e-01
 -9.5979899497487442e-01
  2.4623115577889454e-01
  9.5979899497487442e-01
  2.8643216080402012e-01
 -2.5125628140703515e-02
 -6.1809045226130654e-01
  3.1658291457286425e-01
  4.0703517587939708e-01
  5.6783919597989962e-01
 -7.5376884422110546e-02
  8.3919597989949746e-01
 -7.6079130524881977e-01
 -1.8274643630909246e-01
75 1
 -1.2562814070351758e-01
 -4.6733668341708545e-01
  5.5778894472361817e-01
  8.8944723618090449e-01
 -6.2814070351758788e-01
 -4.6733668341708545e-01
 -2.1608040201005019e-01
 -3.6683417085427139e-01
  7.0854271356783927e-01
 -8.0904522613065333e-01
 -7.9899497487437188e-01
  5.7788944723618085e-01
 -4.1797976908572465e-01
 -7.4603086834516308e-01
76 1
 -4.0703517587939697e-01
  2.5628140703517599e-01
  8.0904522613065333e-01
  8.4924623115577891e-01
  7.5879396984924630e-01
 -3.7688442211055273e-01
  5.0753768844221114e-01
 -6.2814070351758788e-01
 -5.2763819095477382e-01
  8.9949748743718594e-01
  3.4673366834170860e-01
 -6.5829145728643224e-01
 -2.6919236745120245e-01
  5.7569846470937058e-01
77 1
 -6.6834170854271358e-01
 -5.8793969849246230e-01
 -5.0753768844221103e-01
  2.7638190954773867e-01
 -4.2713567839195976e-01
  6.1809045226130666e-01
  1.8592964824120606e-01
  1.3567839195979903e-01
  1.5075376884422065e-02
 -4.0703517587939697e-01
  4.5728643216080411e-01
 -3.4673366834170849e-01
 -1.9007929708765164e-01
 -3.1369489033394562e-04
78 1
 -3.7688442211055273e-01
 -6.7839195979899491e-01
 -4.5728643216080400e-01
  4.5728643216080411e-01
 -5.0251256281407253e-03
  3.4673366834170860e-01
  3.3668341708542715e-01
  9.1959798994974884e-01
 -8.7939698492462315e-01
 -5.6783919597989951e-01
  4.6733668341708534e-01
 -1.8592964824120606e-01
  1.2009744151960511e-01
  1.0518970568395522e-02
79 1
 -4.5226130653266305e-02
 -2.1608040201005019e-01
  8.4924623115577891e-01
 -9.7989949748743721e-01
  9.8994974874371855e-01
 -8.7939698492462315e-01
 -3.0653266331658291e-01
  5.0753768844221114e-01
 -7.5879396984924630e-01
  5.7788944723618085e-01
 -9.7989949748743721e-01
  6.3819095477386933e-01
 -9.8591135508310113e-02
  1.2659692104321529e-01
80 1
 -5.3768844221105527e-01
  2.2613065326633164e-01
  1.3567839195979903e-01
  4.4723618090452266e-01
 -3.0653266331658291e-01
 -5.9798994974874375e-01
 -8.9949748743718594e-01
 -5.7788944723618085e-01
  4.8743718592964824e-01
  5.9798994974874375e-01
 -6.0804020100502509e-01
  2.4623115577889454e-01
  1.1240449390610137e+00
  6.3880420681982364e-01
81 1
 -8.4924623115577891e-01
 -9.5477386934673336e-02
 -6.5829145728643224e-01
  6.7839195979899491e-01
  2.6633165829145722e-01
 -1.1557788944723613e-01
  1.5577889447236193e-01
 -6.7839195979899491e-01
  2.5628140703517599e-01
  5.0251256281406143e-03
 -6.8844221105527637e-01
  5.8793969849246230e-01
  5.7594957072644570e-01
  4.1524616723678809e-01
82 1
 -8.3919597989949746e-01
  4.1708542713567831e-01
  2.8643216080402012e-01
  5.3768844221105527e-01
  7.3869346733668340e-01
  5.5778894472361817e-01
  9.1959798994974884e-01
 -1.5075376884422065e-02
  2.4623115577889454e-01
 -6.4824120603015079e-01
 -8.1909547738693467e-01
  8.8944723618090449e-01
 -3.9060963832331513e-01
  5.3707827610394956e-02
83 1
  2.5628140703517599e-01
  9.0954773869346739e-01
  3.1658291457286425e-01
  4.8743718592964824e-01
 -2.4623115577889443e-01
  4.0703517587939708e-01
 -7.5879396984924630e-01
  4.9748743718592969e-01
  1.9597989949748751e-01
 -6.7839195979899491e-01
  3.5175879396984966e-02
  5.6783919597989962e-01
  3.2673712691516532e-01
  6.9133438793678947e-01
84 1
 -8.2914572864321612e-01
  7.0854271356783927e-01
 -6.9849246231155782e-01
  7.4874371859296485e-01
 -2.1608040201005019e-01
 -7.9899497487437188e-01
 -3.1658291457286436e-01
  4.6733668341708534e-01
  5.7788944723618085e-01
 -4.2713567839195976e-01
 -1.0552763819095479e-01
 -6.0804020100502509e-01
  6.4804047582680746e-01
  6.3676985797329433e-01
85 1
 -5.0753768844221103e-01
  2.4623115577889454e-01
 -3.6683417085427139e-01
  1.5075376884422065e-02
 -1.2562814070351758e-01
 -6.5829145728643224e-01
 -6.9849246231155782e-01
  2.0603015075376896e-01
 -6.5829145728643224e-01
  9.6984924623115587e-01
  6.3819095477386933e-01
  7.9899497487437188e-01
  4.8913458911132102e-01
 -2.2272764631245789e-01
86 1
  6.5326633165829096e-02
 -6.5326633165829096e-02
  2.6633165829145722e-01
  6.5829145728643224e-01
 -8.5427135678391997e-02
  2.7638190954773867e-01
 -1.1557788944723613e-01
  9.8994974874371855e-01
 -8.9949748743718594e-01
  9.4974874371859297e-01
  3.6683417085427128e-01
  3.4673366834170860e-01
 -2.5516440617422087e-01
  1.5643907931854075e-03
87 1
  9.5477386934673447e-02
 -1.0552763819095479e-01
 -4.2713567839195976e-01
 -8.5427135678391997e-02
  8.7939698492462304e-01
  7.7889447236180898e-01
  3.0653266331658302e-01
  4.5226130653266416e-02
  3.3668341708542715e-01
 -6.0804020100502509e-01
  1.6582914572864316e-01
 -5.9798994974874375e-01
 -2.8343187588353080e-01
  1.2572364437925149e-01
88 1
  3.2663316582914570e-01
 -1.4572864321608037e-01
 -8.9949748743718594e-01
 -6.7839195979899491e-01
 -9.7989949748743721e-01
 -1.6582914572864316e-01
 -3.8693467336683418e-01
  6.2814070351758788e-01
  6.5326633165829096e-02
  6.0804020100502520e-01
 -5.7788944723618085e-01
  6.8844221105527637e-01
  4.0048367813755825e-01
  4.2856319284082561e-01
89 1
 -1.0000000000000000e+00
  3.1658291457286425e-01
  7.6884422110552775e-01
 -5.2763819095477382e-01
 -7.2864321608040195e-01
  3.2663316582914570e-01
  9.5477386934673447e-02
  5.8793969849246230e-01
 -7.1859296482412061e-01
  5.3768844221105527e-01
 -9.3969849246231152e-01
  6.2814070351758788e-01
 -2.8221463539139602e-01
  3.4766737681285353e-02
90 1
  1.8592964824120606e-01
  4.5728643216080411e-01
  2.7638190954773867e-01
 -4.5226130653266305e-02
  1.7587939698492461e-01
  8.5929648241206036e-01
  6.0804020100502520e-01
  5.5778894472361817e-01
  5.5276381909547645e-02
 -3.9698492462311552e-01
 -6.5829145728643224e-01
  6.9849246231155782e-01
 -1.2135976439279137e+00
 -2.6126642639009989e-01
91 1
 -2.1608040201005019e-01
 -6.1809045226130654e-01
 -5.7788944723618085e-01
  1.8592964824120606e-01
  1.3567839195979903e-01
 -4.5226130653266305e-02
  7.5376884422110546e-02
  9.5477386934673447e-02
  4.1708542713567831e-01
 -1.1557788944723613e-01
  9.5477386934673447e-02
  6.5829145728643224e-01
 -6.1303888409436802e-01
 -5.6958846653150852e-01
92 1
  5.0251256281406143e-03
 -8.4924623115577891e-01
  1.4572864321608048e-01
  1.0000000000000000e+00
  6.0804020100502520e-01
 -2.7638190954773867e-01
  8.2914572864321601e-01
 -8.0904522613065333e-01
  8.5929648241206036e-01
 -4.4723618090452255e-01
 -6.6834170854271358e-01
  7.4874371859296485e-01
 -1.0749583782790797e+00
  1.5553423101587094e-01
93 1
 -3.5175879396984966e-02
  8.4924623115577891e-01
 -9.1959798994974873e-01
 -2.0603015075376885e-01
 -6.5326633165829096e-02
  8.1909547738693478e-01
  7.3869346733668340e-01
  2.6633165829145722e-01
 -7.5376884422110546e-02
  2.2613065326633164e-01
  7.7889447236180898e-01
  2.1608040201005019e-01
 -1.5241125409817848e+00
 -5.2467395012173479e-01
94 1
  3.5678391959799005e-01
  4.4723618090452266e-01
  1.1557788944723613e-01
  8.6934673366834181e-01
  8.5929648241206036e-01
  3.6683417085427128e-01
  6.7839195979899491e-01
  2.5125628140703515e-02
 -7.8894472361809043e-01
  9.7989949748743732e-01
 -6.4824120603015079e-01
  8.9949748743718594e-01
 -3.8071973620230537e-01
  8.0369369852620964e-01
95 1
 -5.1758793969849248e-01
 -5.1758793969849248e-01
 -6.2814070351758788e-01
  6.6834170854271369e-01
 -6.8844221105527637e-01
 -1.4572864321608037e-01
 -3.5678391959798994e-01
 -7.2864321608040195e-01
 -6.8844221105527637e-01
  8.0904522613065333e-01
 -2.0603015075376885e-01
 -2.9648241206030146e-01
  9.7129987643066651e-01
  7.6728632623182447e-01
96 1
 -6.1809045226130654e-01
 -6.6834170854271358e-01
 -8.5929648241206036e-01
 -5.6783919597989951e-01
  9.5979899497487442e-01
 -4.4723618090452255e-01
 -5.7788944723618085e-01
 -1.4572864321608037e-01
 -9.4974874371859297e-01
  7.7889447236180898e-01
  6.6834170854271369e-01
 -4.4723618090452255e-01
 -8.3809858751983135e-01
 -1.5390335564998743e+00
97 1
  7.5879396984924630e-01
 -9.7989949748743721e-01
 -9.4974874371859297e-01
  6.1809045226130666e-01
 -6.4824120603015079e-01
 -3.8693467336683418e-01
  8.4924623115577891e-01
 -3.5678391959798994e-01
  8.8944723618090449e-01
  4.9748743718592969e-01
 -5.0753768844221103e-01
 -3.5678391959798994e-01
 -1.8207763098590685e-01
 -7.3832087258887658e-01
98 1
  7.4874371859296485e-01
  5.7788944723618085e-01
 -3.7688442211055273e-01
 -5.5778894472361806e-01
 -8.7939698492462315e-01
 -7.5376884422110546e-02
  3.5678391959799005e-01
 -8.5427135678391997e-02
 -8.1909547738693467e-01
 -1.4572864321608037e-01
 -1.5577889447236182e-01
 -7.5376884422110546e-02
  1.3430057297735949e+00
  4.4420400427419926e-01
99 1
 -6.5829145728643224e-01
  5.1758793969849259e-01
 -4.3718592964824121e-01
  3.7688442211055273e-01
  9.7989949748743732e-01
  5.5276381909547645e-02
 -8.8944723618090449e-01
 -4.5226130653266305e-02
  5.1758793969849259e-01
  3.5175879396984966e-02
 -8.8944723618090449e-01
 -9.1959798994974873e-01
 -2.1102985541946465e-01
 -2.7972029220693140e-01
100 1
 -2.9648241206030146e-01
 -1.0000000000000000e+00
  5.4773869346733672e-01
 -7.8894472361809043e-01
  3.4673366834170860e-01
 -9.3969849246231152e-01
 -4.1708542713567842e-01
  5.7788944723618085e-01
  7.3869346733668340e-01
  4.4723618090452266e-01
 -1.7587939698492461e-01
  1.8592964824120606e-01
  3.2223010053132506e-01
  3.2123359714578519e-02
101 1
  6.4824120603015079e-01
 -8.8944723618090449e-01
 -1.1557788944723613e-01
 -8.9949748743718594e-01
 -7.8894472361809043e-01
  8.3919597989949746e-01
  2.2613065326633164e-01
  7.0854271356783927e-01
  9.3969849246231152e-01
 -1.3567839195979903e-01
  7.9899497487437188e-01
  4.9748743718592969e-01
 -1.0879189192348533e+00
 -6.7552340243478060e-01
102 1
  3.5175879396984966e-02
 -8.9949748743718594e-01
  8.2914572864321601e-01
 -3.7688442211055273e-01
  4.8743718592964824e-01
 -9.4974874371859297e-01
  8.9949748743718594e-01
 -9.0954773869346739e-01
 -8.6934673366834170e-01
 -7.9899497487437188e-01
 -4.3718592964824121e-01
  9.7989949748743732e-01
  1.5525216705630323e+00
  3.2522617376738033e-01
103 1
 -1.4572864321608037e-01
  5.3768844221105527e-01
  1.6582914572864316e-01
 -5.9798994974874375e-01
  6.5829145728643224e-01
  7.6884422110552775e-01
 -1.4572864321608037e-01
  9.2964824120603007e-01
 -2.6633165829145733e-01
  6.1809045226130666e-01
  7.0854271356783927e-01
 -1.0552763819095479e-01
 -2.3740845993938868e+00
 -7.2157773830204242e-01
104 1
 -3.4673366834170849e-01
 -4.9748743718592969e-01
  6.8844221105527637e-01
 -3.4673366834170849e-01
 -7.5376884422110546e-02
 -3.9698492462311552e-01
  4.5728643216080411e-01
 -1.0000000000000000e+00
  1.5577889447236193e-01
 -5.5778894472361806e-01
  4.5226130653266416e-02
 -1.9597989949748740e-01
  4.8152100064862607e-01
  1.4802895489161440e-02
105 1
  1.5577889447236193e-01
 -3.5175879396984966e-02
 -2.1608040201005019e-01
 -5.0251256281407253e-03
  4.7738693467336679e-01
 -2.5628140703517588e-01
 -9.1959798994974873e-01
  3.0653266331658302e-01
  6.7839195979899491e-01
  3.5678391959799005e-01
 -7.6884422110552764e-01
 -9.7989949748743721e-01
  7.5215359835338014e-01
  1.4812215097306191e-02
106 1
  6.7839195979899491e-01
 -3.5678391959798994e-01
 -8.0904522613065333e-01
 -9.3969849246231152e-01
 -7.9899497487437188e-01
  9.7989949748743732e-01
 -8.7939698492462315e-01
  6.4824120603015079e-01
  1.1557788944723613e-01
 -8.6934673366834170e-01
 -3.3668341708542715e-01
  9.2964824120603007e-01
  1.2982104476355181e+00
  2.8457478419830368e-01
107 1
  6.6834170854271369e-01
 -1.5577889447236182e-01
  7.2864321608040195e-01
 -4.2713567839195976e-01
  8.9949748743718594e-01
  3.7688442211055273e-01
  5.2763819095477382e-01
  2.7638190954773867e-01
 -1.0000000000000000e+00
  2.5628140703517599e-01
  4.3718592964824121e-01
 -6.9849246231155782e-01
 -5.9765856047096344e-01
 -7.8145715688216433e-02
108 1
 -9.2964824120603018e-01
  2.5125628140703515e-02
 -9.8994974874371855e-01
 -4.4723618090452255e-01
 -4.5728643216080400e-01
 -8.5929648241206036e-01
 -8.0904522613065333e-01
 -7.0854271356783927e-01
  6.2814070351758788e-01
  2.8643216080402012e-01
  1.7587939698492461e-01
 -5.0753768844221103e-01
  2.5600991937431368e+00
  1.4399998337221775e+00
109 1
 -1.7587939698492461e-01
  9.5979899497487442e-01
  8.9949748743718594e-01
  9.2964824120603007e-01
 -5.6783919597989951e-01
  2.5125628140703515e-02
  8.5427135678391997e-02
 -1.0552763819095479e-01
  1.3567839195979903e-01
  5.5778894472361817e-01
 -6.3819095477386933e-01
 -1.1557788944723613e-01
 -9.2628500464439789e-01
  3.8704876130807742e-01
110 1
  8.4924623115577891e-01
  7.1859296482412072e-01
 -3.2663316582914570e-01
 -3.3668341708542715e-01
  9.3969849246231152e-01
  3.8693467336683418e-01
  5.7788944723618085e-01
 -1.2562814070351758e-01
 -1.9597989949748740e-01
  3.3668341708542715e-01
  2.3618090452261309e-01
  7.5879396984924630e-01
 -1.6611243791353265e+00
 -6.2348689275783797e-01
111 1
 -3.2663316582914570e-01
 -9.4974874371859297e-01
 -1.4572864321608037e-01
 -6.9849246231155782e-01
  3.8693467336683418e-01
 -6.5326633165829096e-02
  1.3567839195979903e-01
  8.8944723618090449e-01
  7.5376884422110546e-02
  8.7939698492462304e-01
  2.4623115577889454e-01
 -8.4924623115577891e-01
 -4.0516542008436490e-01
 -1.0130230330802230e-01
112 1
  9.4974874371859297e-01
  3.6683417085427128e-01
  3.6683417085427128e-01
 -5.0753768844221103e-01
  8.6934673366834181e-01
 -4.3718592964824121e-01
  6.8844221105527637e-01
  9.4974874371859297e-01
  6.4824120603015079e-01
 -1.8592964824120606e-01
 -4.2713567839195976e-01
  1.0552763819095490e-01
 -1.9471848482055283e+00
 -3.8530364912499687e-01
113 1
 -8.5427135678391997e-02
  3.3668341708542715e-01
  4.4723618090452266e-01
  2.2613065326633164e-01
 -5.9798994974874375e-01
  4.6733668341708534e-01
 -9.0954773869346739e-01
 -2.5628140703517588e-01
 -5.7788944723618085e-01
 -5.9798994974874375e-01
 -9.2964824120603018e-01
 -3.9698492462311552e-01
  1.7739518900987485e+00
  4.6323629939040772e-01
114 1
 -4.6733668341708545e-01
 -3.3668341708542715e-01
 -1.6582914572864316e-01
  3.1658291457286425e-01
 -2.7638190954773867e-01
 -8.5427135678391997e-02
  1.6582914572864316e-01
  9.0954773869346739e-01
  3.6683417085427128e-01
  8.8944723618090449e-01
  1.0000000000000000e+00
  9.3969849246231152e-01
 -1.0433152956814145e+00
 -3.8521352789730873e-02
115 1
 -9.6984924623115576e-01
  5.5778894472361817e-01
 -5.6783919597989951e-01
 -9.1959798994974873e-01
  6.2814070351758788e-01
 -1.3567839195979903e-01
 -2.4623115577889443e-01
  5.2763819095477382e-01
 -9.6984924623115576e-01
  8.3919597989949746e-01
  8.2914572864321601e-01
  9.5979899497487442e-01
 -4.3918109023536156e-01
  5.6294074994657016e-02
116 1
 -5.9798994974874375e-01
 -8.1909547738693467e-01
  9.1959798994974884e-01
  5.4773869346733672e-01
 -5.0753768844221103e-01
  3.3668341708542715e-01
 -9.5477386934673336e-02
  7.2864321608040195e-01
 -2.5125628140703515e-02
 -8.3919597989949746e-01
  1.3567839195979903e-01
  6.1809045226130666e-01
 -1.0438536092907329e+00
 -9.1806899227560079e-01
117 1
 -5.0251256281407253e-03
 -2.5628140703517588e-01
  4.0703517587939708e-01
 -3.8693467336683418e-01
  9.1959798994974884e-01
  7.0854271356783927e-01
  5.9798994974874375e-01
 -5.1758793969849248e-01
  7.4874371859296485e-01
 -9.8994974874371855e-01
  7.5879396984924630e-01
  3.2663316582914570e-01
 -2.5691201724412118e+00
 -1.2508522310713155e+00
118 1
  5.4773869346733672e-01
 -9.0954773869346739e-01
  1.5577889447236193e-01
 -3.5175879396984966e-02
  2.5125628140703515e-02
  2.0603015075376896e-01
 -6.5829145728643224e-01
  7.3869346733668340e-01
 -3.1658291457286436e-01
  7.8894472361809043e-01
 -2.6633165829145733e-01
  9.1959798994974884e-01
 -6.0643013203818508e-01
 -5.9688360449998801e-01
119 1
  2.9648241206030157e-01
 -7.5879396984924630e-01
  1.9597989949748751e-01
 -7.0854271356783927e-01
  8.8944723618090449e-01
  7.3869346733668340e-01
 -5.8793969849246230e-01
  7.6884422110552775e-01
  5.0251256281406143e-03
 -8.5929648241206036e-01
  5.1758793969849259e-01
  5.3768844221105527e-01
 -1.6568577412095380e+00
 -1.0499946151345003e+00
120 1
 -9.3969849246231152e-01
 -8.7939698492462315e-01
 -5.1758793969849248e-01
  8.5427135678391997e-02
 -3.1658291457286436e-01
  9.2964824120603007e-01
  5.3768844221105527e-01
  1.0000000000000000e+00
 -3.8693467336683418e-01
  8.6934673366834181e-01
 -1.2562814070351758e-01
 -2.2613065326633164e-01
 -1.2418425039504783e+00
 -7.5221597203878054e-01
121 1
  9.7989949748743732e-01
 -1.8592964824120606e-01
  5.5276381909547645e-02
  5.7788944723618085e-01
 -4.7738693467336679e-01
  3.5175879396984966e-02
 -1.5075376884422065e-02
 -1.7587939698492461e-01
 -1.6582914572864316e-01
  7.2864321608040195e-01
  4.8743718592964824e-01
 -5.6783919597989951e-01
 -5.4220856972430864e-01
 -4.1220116654836203e-01
122 1
  6.3819095477386933e-01
 -7.9899497487437188e-01
 -7.2864321608040195e-01
  6.0804020100502520e-01
 -5.7788944723618085e-01
  7.5879396984924630e-01
  4.9748743718592969e-01
  3.5175879396984966e-02
 -1.4572864321608037e-01
 -3.3668341708542715e-01
 -3.1658291457286436e-01
  1.1557788944723613e-01
 -3.1723694065005859e-01
 -6.8483583387775812e-02
123 1
 -9.4974874371859297e-01
  4.9748743718592969e-01
  6.0804020100502520e-01
  1.7587939698492461e-01
  5.3768844221105527e-01
 -1.0000000000000000e+00
 -6.6834170854271358e-01
  3.2663316582914570e-01
  4.5226130653266416e-02
 -9.7989949748743721e-01
  8.8944723618090449e-01
 -7.7889447236180898e-01
  1.3274430181313033e+00
  2.8046808814020030e-01
124 1
  8.8944723618090449e-01
 -3.6683417085427139e-01
 -7.9899497487437188e-01
  3.4673366834170860e-01
 -3.6683417085427139e-01
  5.2763819095477382e-01
  7.6884422110552775e-01
 -8.5929648241206036e-01
 -8.5427135678391997e-02
 -8.4924623115577891e-01
  8.0904522613065333e-01
  9.8994974874371855e-01
 -1.5157608430169583e-01
 -7.6773918268526045e-02
125 1
  6.8844221105527637e-01
  1.4572864321608048e-01
  7.3869346733668340e-01
 -7.6884422110552764e-01
 -1.1557788944723613e-01
 -7.6884422110552764e-01
 -9.3969849246231152e-01
 -2.0603015075376885e-01
  5.6783919597989962e-01
  1.3567839195979903e-01
 -6.7839195979899491e-01
 -5.8793969849246230e-01
  2.2053541222122224e+00
  1.1585593886876435e+00
126 1
 -4.4723618090452255e-01
  7.3869346733668340e-01
 -6.5326633165829096e-02
  9.6984924623115587e-01
 -5.5276381909547756e-02
  5.6783919597989962e-01
 -8.5427135678391997e-02
 -6.5829145728643224e-01
 -9.7989949748743721e-01
  3.4673366834170860e-01
  2.1608040201005019e-01
 -1.5075376884422065e-02
 -4.1580083271230989e-01
 -1.3481383813503239e-01
127 1
  4.2713567839195976e-01
 -1.2562814070351758e-01
 -8.2914572864321612e-01
  8.0904522613065333e-01
 -4.0703517587939697e-01
 -6.9849246231155782e-01
  9.0954773869346739e-01
  4.5728643216080411e-01
  3.5678391959799005e-01
 -1.0552763819095479e-01
  2.2613065326633164e-01
 -4.1708542713567842e-01
 -4.2517725922415112e-01
 -3.6581843706940415e-01
128 1
  3.1658291457286425e-01
 -1.1557788944723613e-01
  5.3768844221105527e-01
  5.1758793969849259e-01
 -3.4673366834170849e-01
 -8.1909547738693467e-01
 -7.5376884422110546e-02
 -3.3668341708542715e-01
 -5.9798994974874375e-01
 -7.6884422110552764e-01
 -3.8693467336683418e-01
 -5.3768844221105527e-01
  2.1607284564282954e+00
  6.5043232819351693e-01
129 1
  9.6984924623115587e-01
  1.5577889447236193e-01
  7.1859296482412072e-01
  4.7738693467336679e-01
  8.4924623115577891e-01
 -5.7788944723618085e-01
  9.3969849246231152e-01
 -7.1859296482412061e-01
  2.6633165829145722e-01
 -1.0000000000000000e+00
 -4.9748743718592969e-01
 -5.0251256281407253e-03
 -4.9029292795001816e-01
  6.2827651879970692e-02
130 1
 -7.8894472361809043e-01
 -4.3718592964824121e-01
  4.8743718592964824e-01
 -9.0954773869346739e-01
 -2.5125628140703515e-02
 -8.3919597989949746e-01
  3.9698492462311563e-01
  4.1708542713567831e-01
 -5.3768844221105527e-01
 -9.6984924623115576e-01
  9.2964824120603007e-01
 -7.9899497487437188e-01
  1.7775495207703578e+00
  4.9391358557086523e-01
131 1
 -1.5075376884422065e-02
  5.0251256281406143e-03
 -6.6834170854271358e-01
  7.6884422110552775e-01
 -4.9748743718592969e-01
  3.0653266331658302e-01
 -3.5175879396984966e-02
  6.3819095477386933e-01
 -2.5628140703517588e-01
 -3.8693467336683418e-01
  5.0251256281406143e-03
 -2.5628140703517588e-01
 -4.9583285625613183e-01
 -3.0177878951565883e-02
132 1
 -7.9899497487437188e-01
 -6.5829145728643224e-01
  6.4824120603015079e-01
 -1.0000000000000000e+00
  6.8844221105527637e-01
  7.5376884422110546e-02
 -5.3768844221105527e-01
  2.2613065326633164e-01
  7.7889447236180898e-01
 -8.5427135678391997e-02
  7.3869346733668340e-01
  7.2864321608040195e-01
 -1.1830386338573011e+00
 -4.7186246141994959e-01
133 1
 -8.9949748743718594e-01
  9.7989949748743732e-01
 -1.3567839195979903e-01
 -2.3618090452261309e-01
 -3.7688442211055273e-01
 -8.2914572864321612e-01
 -6.0804020100502509e-01
 -1.8592964824120606e-01
 -5.0753768844221103e-01
  7.4874371859296485e-01
  3.1658291457286425e-01
 -8.5929648241206036e-01
  4.0392574167932266e-01
 -5.1789663026689636e-02
134 1
  5.0753768844221114e-01
 -3.0653266331658291e-01
 -7.6884422110552764e-01
 -1.5075376884422065e-02
 -4.5226130653266305e-02
 -2.3618090452261309e-01
  6.5829145728643224e-01
  2.3618090452261309e-01
  2.7638190954773867e-01
 -5.7788944723618085e-01
  9.3969849246231152e-01
  3.9698492462311563e-01
  5.9302780845881781e-02
  2.4556536456727739e-02
135 1
  1.1557788944723613e-01
  1.7587939698492461e-01
  3.5175879396984966e-02
  1.4572864321608048e-01
  5.0753768844221114e-01
 -7.2864321608040195e-01
 -5.6783919597989951e-01
  8.9949748743718594e-01
  2.8643216080402012e-01
  7.6884422110552775e-01
 -3.4673366834170849e-01
 -6.8844221105527637e-01
  3.6337464260958963e-02
  5.6403510101325383e-02
136 1
 -1.3567839195979903e-01
  2.9648241206030157e-01
 -1.8592964824120606e-01
 -4.7738693467336679e-01
 -7.3869346733668340e-01
 -3.3668341708542715e-01
  1.0000000000000000e+00
 -6.0804020100502509e-01
  1.0000000000000000e+00
  3.0653266331658302e-01
 -2.8643216080402012e-01
 -7.2864321608040195e-01
  7.6028829215347904e-01
  7.9541848101829848e-02
137 1
 -1.1557788944723613e-01
  8.9949748743718594e-01
  8.5929648241206036e-01
  2.3618090452261309e-01
  5.4773869346733672e-01
 -1.7587939698492461e-01
  6.4824120603015079e-01
  7.1859296482412072e-01
  9.1959798994974884e-01
 -5.2763819095477382e-01
 -7.2864321608040195e-01
  5.0251256281406143e-03
 -1.0572620952507485e+00
 -5.8015613524408371e-02
138 1
 -2.7638190954773867e-01
 -3.2663316582914570e-01
  5.9798994974874375e-01
  6.4824120603015079e-01
 -9.4974874371859297e-01
 -7.7889447236180898e-01
 -4.3718592964824121e-01
 -5.4773869346733672e-01
  4.3718592964824121e-01
 -2.3618090452261309e-01
 -8.2914572864321612e-01
 -2.6633165829145733e-01
  1.7338746387998387e+00
  7.9984378261549061e-01
139 1
  1.0000000000000000e+00
 -3.4673366834170849e-01
 -2.4623115577889443e-01
 -8.5929648241206036e-01
 -8.0904522613065333e-01
  9.6984924623115587e-01
  3.4673366834170860e-01
 -9.5979899497487442e-01
  3.2663316582914570e-01
 -3.7688442211055273e-01
 -1.3567839195979903e-01
  4.1708542713567831e-01
  4.5211523362368328e-01
 -4.4379973173730192e-01
140 1
  4.5226130653266416e-02
  9.3969849246231152e-01
 -6.3819095477386933e-01
 -4.9748743718592969e-01
  3.7688442211055273e-01
 -5.1758793969849248e-01
 -6.3819095477386933e-01
  1.1557788944723613e-01
 -2.9648241206030146e-01
  3.1658291457286425e-01
 -8.0904522613065333e-01
  8.6934673366834181e-01
  7.1923351340589148e-01
  7.4336919344947351e-03
141 1
  8.5929648241206036e-01
 -7.0854271356783927e-01
 -6.0804020100502509e-01
  8.2914572864321601e-01
 -8.9949748743718594e-01
  1.9597989949748751e-01
  6.9849246231155782e-01
  1.4572864321608048e-01
 -4.9748743718592969e-01
 -8.1909547738693467e-01
  2.8643216080402012e-01
  8.5929648241206036e-01
  4.9868773171650499e-01
  3.1265219017451479e-01
142 1
  4.7738693467336679e-01
 -7.2864321608040195e-01
 -4.4723618090452255e-01
 -7.5376884422110546e-02
 -4.3718592964824121e-01
 -7.5879396984924630e-01
 -5.2763819095477382e-01
 -2.6633165829145733e-01
 -8.2914572864321612e-01
 -4.6733668341708545e-01
 -2.7638190954773867e-01
 -9.2964824120603018e-01
  1.6996488520800146e+00
  2.1250778408504248e-01
143 1
  5.5778894472361817e-01
  9.1959798994974884e-01
 -9.2964824120603018e-01
  4.1708542713567831e-01
 -1.3567839195979903e-01
  4.9748743718592969e-01
  2.5125628140703515e-02
  6.1809045226130666e-01
 -2.7638190954773867e-01
 -4.3718592964824121e-01
  3.2663316582914570e-01
  6.5326633165829096e-02
 -1.8739108268767352e-01
 -1.1127943411022245e-02
144 1
  3.6683417085427128e-01
  1.3567839195979903e-01
  3.2663316582914570e-01
 -6.5326633165829096e-02
 -8.6934673366834170e-01
  1.3567839195979903e-01
  2.8643216080402012e-01
 -7.6884422110552764e-01
  1.7587939698492461e-01
 -7.0854271356783927e-01
  9.7989949748743732e-01
  2.7638190954773867e-01
  1.9304702582158932e+00
  1.5030906017851196e+00
145 1
 -1.8592964824120606e-01
 -8.5929648241206036e-01
  2.0603015075376896e-01
 -8.4924623115577891e-01
 -9.5979899497487442e-01
 -6.4824120603015079e-01
  4.1708542713567831e-01
  5.3768844221105527e-01
  9.4974874371859297e-01
 -3.5678391959798994e-01
  5.5778894472361817e-01
  3.0653266331658302e-01
  8.3623256796589340e-01
  6.9478262241506894e-01
146 1
  2.7638190954773867e-01
  1.2562814070351758e-01
  7.5879396984924630e-01
  9.3969849246231152e-01
  5.9798994974874375e-01
  3.1658291457286425e-01
  8.5929648241206036e-01
  8.1909547738693478e-01
 -2.0603015075376885e-01
 -3.5175879396984966e-02
 -9.0954773869346739e-01
 -9.5979899497487442e-01
 -2.3290711670090971e+00
 -1.4230673348706258e+00
147 1
 -8.7939698492462315e-01
  6.4824120603015079e-01
  6.1809045226130666e-01
  9.4974874371859297e-01
  1.8592964824120606e-01
  9.5477386934673447e-02
  7.8894472361809043e-01
 -9.7989949748743721e-01
  9.5477386934673447e-02
 -7.5879396984924630e-01
  7.6884422110552775e-01
  5.4773869346733672e-01
 -1.4181241608852024e+00
 -4.2301591103746194e-01
148 1
 -5.5276381909547756e-02
  3.7688442211055273e-01
 -2.7638190954773867e-01
 -6.5829145728643224e-01
 -6.7839195979899491e-01
  6.5326633165829096e-02
  7.9899497487437188e-01
 -7.5376884422110546e-02
  2.0603015075376896e-01
 -9.0954773869346739e-01
 -7.3869346733668340e-01
 -3.3668341708542715e-01
  5.8676900998405168e-01
 -3.6703217458379400e-01
149 1
 -3.0653266331658291e-01
  4.7738693467336679e-01
  7.9899497487437188e-01
 -3.1658291457286436e-01
  4.9748743718592969e-01
 -1.2562814070351758e-01
 -3.3668341708542715e-01
 -9.6984924623115576e-01
  3.9698492462311563e-01
  9.8994974874371855e-01
 -1.1557788944723613e-01
  7.7889447236180898e-01
 -3.6081995238075099e-01
 -1.1018323325450252e-03
150 1
  7.0854271356783927e-01
 -6.4824120603015079e-01
  3.7688442211055273e-01
  2.5628140703517599e-01
  9.0954773869346739e-01
 -6.0804020100502509e-01
  8.8944723618090449e-01
 -8.3919597989949746e-01
 -8.4924623115577891e-01
 -3.6683417085427139e-01
  8.3919597989949746e-01
  6.4824120603015079e-01
 -7.7335423468246023e-01
 -1.0340646340953406e+00
151 1
 -6.0804020100502509e-01
 -5.5778894472361806e-01
  3.8693467336683418e-01
 -5.1758793969849248e-01
  1.5577889447236193e-01
  9.5979899497487442e-01
 -5.0251256281407253e-03
  6.9849246231155782e-01
 -1.5075376884422065e-02
 -5.1758793969849248e-01
  7.4874371859296485e-01
  1.5075376884422065e-02
 -1.5912921856348432e+00
 -9.2577046148442244e-01
152 1
 -3.3668341708542715e-01
  5.0753768844221114e-01
  5.0753768844221114e-01
 -7.1859296482412061e-01
  7.2864321608040195e-01
  8.8944723618090449e-01
 -4.5728643216080400e-01
  3.8693467336683418e-01
  2.5125628140703515e-02
  6.8844221105527637e-01
 -5.8793969849246230e-01
 -7.4874371859296485e-01
 -5.7018358377426681e-01
 -1.1940181886448242e+00
153 1
  7.8894472361809043e-01
 -3.9698492462311552e-01
  9.6984924623115587e-01
 -1.3567839195979903e-01
  7.8894472361809043e-01
 -4.9748743718592969e-01
  5.1758793969849259e-01
  1.5577889447236193e-01
 -7.7889447236180898e-01
 -9.4974874371859297e-01
  1.0552763819095490e-01
  2.0603015075376896e-01
 -3.4703894906469335e-01
  5.0448488369179190e-01
154 1
  4.6733668341708534e-01
 -6.2814070351758788e-01
  9.2964824120603007e-01
  1.6582914572864316e-01
  4.1708542713567831e-01
 -7.3869346733668340e-01
 -9.7989949748743721e-01
  9.5979899497487442e-01
  8.6934673366834181e-01
  5.5276381909547645e-02
  7.8894472361809043e-01
  8.2914572864321601e-01
 -9.3668545586855012e-01
  2.8808698123537046e-02
155 1
 -2.2613065326633164e-01
 -3.8693467336683418e-01
 -2.8643216080402012e-01
  1.1557788944723613e-01
  9.6984924623115587e-01
 -6.6834170854271358e-01
  4.3718592964824121e-01
  6.0804020100502520e-01
  1.8592964824120606e-01
 -9.3969849246231152e-01
  6.9849246231155782e-01
 -8.7939698492462315e-01
 -1.4298786540871247e+00
 -1.3189963858970624e+00
156 1
  8.1909547738693478e-01
  3.5678391959799005e-01
 -9.0954773869346739e-01
  7.3869346733668340e-01
  9.4974874371859297e-01
  1.5075376884422065e-02
 -4.2713567839195976e-01
  5.6783919597989962e-01
  6.5829145728643224e-01
 -5.0753768844221103e-01
  3.3668341708542715e-01
 -2.0603015075376885e-01
 -1.2666624894562988e+00
 -8.7907207005152488e-01
157 1
 -8.6934673366834170e-01
  8.7939698492462304e-01
  5.0251256281406143e-03
  5.0753768844221114e-01
 -8.4924623115577891e-01
 -8.4924623115577891e-01
 -7.8894472361809043e-01
  8.4924623115577891e-01
  4.2713567839195976e-01
  1.9597989949748751e-01
  5.9798994974874375e-01
 -7.1859296482412061e-01
  1.0989655577221911e+00
  6.9678700536283444e-01
158 1
  4.8743718592964824e-01
  2.3618090452261309e-01
  6.9849246231155782e-01
 -5.3768844221105527e-01
 -4.8743718592964824e-01
  6.2814070351758788e-01
 -2.6633165829145733e-01
  1.9597989949748751e-01
 -3.9698492462311552e-01
  1.0000000000000000e+00
  1.5577889447236193e-01
  5.5778894472361817e-01
 -6.5762896167804785e-01
 -1.1850043269985060e-01
159 1
  4.3718592964824121e-01
 -7.1859296482412061e-01
 -6.7839195979899491e-01
 -8.1909547738693467e-01
 -1.8592964824120606e-01
 -5.8793969849246230e-01
  6.5326633165829096e-02
 -7.3869346733668340e-01
  5.4773869346733672e-01
 -6.5326633165829096e-02
 -8.5427135678391997e-02
 -7.3869346733668340e-01
  1.6687292080407290e+00
  5.2702838600492863e-01
160 1
 -2.0603015075376885e-01
 -5.6783919597989951e-01
  9.8994974874371855e-01
 -5.4773869346733672e-01
 -6.0804020100502509e-01
 -3.0653266331658291e-01
  9.7989949748743732e-01
  2.1608040201005019e-01
 -3.2663316582914570e-01
 -5.8793969849246230e-01
  2.0603015075376896e-01
 -2.5125628140703515e-02
 -3.8889957531145991e-01
  1.7623361885918572e-02
161 1
 -7.6884422110552764e-01
 -8.3919597989949746e-01
  9.5979899497487442e-01
  7.0854271356783927e-01
 -7.0854271356783927e-01
  9.8994974874371855e-01
  9.8994974874371855e-01
 -6.5326633165829096e-02
 -1.3567839195979903e-01
  7.5879396984924630e-01
  6.1809045226130666e-01
  8.7939698492462304e-01
 -2.7584406857909589e+00
 -1.0306664916357162e+00
162 1
 -8.0904522613065333e-01
  6.5829145728643224e-01
  6.3819095477386933e-01
 -6.8844221105527637e-01
 -6.9849246231155782e-01
 -1.0552763819095479e-01
  2.4623115577889454e-01
  1.2562814070351758e-01
 -4.5728643216080400e-01
  6.5829145728643224e-01
  8.1909547738693478e-01
 -6.1809045226130654e-01
  1.6839770442094359e-01
  8.8141716337241105e-02
163 1
 -8.8944723618090449e-01
  7.4874371859296485e-01
 -5.5276381909547756e-02
  9.1959798994974884e-01
  1.5075376884422065e-02
 -9.6984924623115576e-01
  5.0251256281406143e-03
  6.5829145728643224e-01
  8.9949748743718594e-01
 -4.5226130653266305e-02
 -1.9597989949748740e-01
  9.0954773869346739e-01
 -7.7371241725000062e-01
  3.6637189061630099e-01
164 1
  7.5376884422110546e-02
  6.3819095477386933e-01
  2.3618090452261309e-01
 -9.5477386934673336e-02
 -9.0954773869346739e-01
 -8.9949748743718594e-01
  7.0854271356783927e-01
  8.7939698492462304e-01
 -5.0251256281407253e-03
 -6.5829145728643224e-01
  1.9597989949748751e-01
 -9.0954773869346739e-01
  8.8755861486377308e-01
  1.3829808218880038e+00
165 1
 -5.7788944723618085e-01
  9.5477386934673447e-02
 -1.9597989949748740e-01
  6.8844221105527637e-01
 -6.6834170854271358e-01
 -5.6783919597989951e-01
  9.4974874371859297e-01
  3.5678391959799005e-01
 -6.6834170854271358e-01
  5.2763819095477382e-01
  6.8844221105527637e-01
 -2.1608040201005019e-01
 -8.1376722624644993e-01
 -4.3870971924100599e-01
166 1
  1.6582914572864316e-01
  1.1557788944723613e-01
  9.3969849246231152e-01
 -4.0703517587939697e-01
  7.4874371859296485e-01
  7.1859296482412072e-01
  8.3919597989949746e-01
 -6.6834170854271358e-01
 -4.6733668341708545e-01
 -6.3819095477386933e-01
 -2.9648241206030146e-01
  7.0854271356783927e-01
 -1.3791987168130477e+00
 -5.9198784060986165e-01
167 1
 -2.4623115577889443e-01
  4.5226130653266416e-02
  2.5628140703517599e-01
 -5.8793969849246230e-01
  2.5628140703517599e-01
 -5.0753768844221103e-01
  4.5226130653266416e-02
 -1.9597989949748740e-01
 -2.8643216080402012e-01
  5.0753768844221114e-01
 -2.5125628140703515e-02
 -1.5577889447236182e-01
 -3.5824512768978002e-02
 -9.2522064858762028e-04
168 1
  4.1708542713567831e-01
  9.2964824120603007e-01
  3.4673366834170860e-01
  8.1909547738693478e-01
 -5.2763819095477382e-01
  2.4623115577889454e-01
 -8.2914572864321612e-01
 -6.3819095477386933e-01
  6.3819095477386933e-01
 -2.1608040201005019e-01
  1.8592964824120606e-01
 -7.5879396984924630e-01
  5.7549307387709103e-01
  6.5220737012418806e-01
169 1
  5.3768844221105527e-01
  4.8743718592964824e-01
 -8.8944723618090449e-01
  9.7989949748743732e-01
 -4.1708542713567842e-01
  1.8592964824120606e-01
  5.6783919597989962e-01
  5.1758793969849259e-01
  2.3618090452261309e-01
 -6.6834170854271358e-01
 -8.9949748743718594e-01
  7.6884422110552775e-01
 -5.2701515934637477e-01
  2.5133359337696914e-01
170 1
 -9.0954773869346739e-01
 -2.8643216080402012e-01
  5.1758793969849259e-01
 -9.6984924623115576e-01
  3.1658291457286425e-01
  4.4723618090452266e-01
  5.5276381909547645e-02
  6.7839195979899491e-01
 -9.1959798994974873e-01
 -2.7638190954773867e-01
 -3.9698492462311552e-01
  4.7738693467336679e-01
  3.3530396698518600e-01
  7.3838855753489821e-02
171 1
  5.5276381909547645e-02
  9.4974874371859297e-01
  4.2713567839195976e-01
 -1.0552763819095479e-01
  1.0000000000000000e+00
  2.5628140703517599e-01
 -1.6582914572864316e-01
  4.7738693467336679e-01
  1.6582914572864316e-01
 -9.2964824120603018e-01
 -2.5628140703517588e-01
  9.5477386934673447e-02
 -1.1067681655534169e+00
 -8.3786121269513736e-01
172 1
 -2.8643216080402012e-01
  5.2763819095477382e-01
 -7.7889447236180898e-01
 -8.2914572864321612e-01
 -2.6633165829145733e-01
  9.4974874371859297e-01
  5.4773869346733672e-01
 -8.2914572864321612e-01
  8.2914572864321601e-01
  4.1708542713567831e-01
  6.2814070351758788e-01
  3.5175879396984966e-02
 -9.5295787239489271e-01
 -6.6248804749288537e-01
173 1
 -3.9698492462311552e-01
  4.6733668341708534e-01
 -8.3919597989949746e-01
 -2.8643216080402012e-01
  6.6834170854271369e-01
  1.0000000000000000e+00
  7.2864321608040195e-01
  4.0703517587939708e-01
  4.6733668341708534e-01
 -3.2663316582914570e-01
  5.8793969849246230e-01
 -6.3819095477386933e-01
 -1.3740609003539019e+00
  4.4566778716147448e-02
174 1
  4.5728643216080411e-01
  3.8693467336683418e-01
 -5.5778894472361806e-01
 -6.2814070351758788e-01
 -7.7889447236180898e-01
  1.7587939698492461e-01
  6.6834170854271369e-01
 -5.0753768844221103e-01
 -2.1608040201005019e-01
 -3.4673366834170849e-01
 -8.6934673366834170e-01
  1.9597989949748751e-01
  6.1503982835098003e-01
 -4.3874841309434667e-03
175 1
 -7.3869346733668340e-01
 -9.1959798994974873e-01
  9.4974874371859297e-01
 -2.2613065326633164e-01
 -1.6582914572864316e-01
 -9.8994974874371855e-01
  7.1859296482412072e-01
  8.2914572864321601e-01
  4.9748743718592969e-01
  6.9849246231155782e-01
 -5.4773869346733672e-01
  1.6582914572864316e-01
 -1.1925739742099009e+00
 -9.1972346521664960e-01
176 1
  1.7587939698492461e-01
  8.1909547738693478e-01
 -6.4824120603015079e-01
 -1.9597989949748740e-01
  3.6683417085427128e-01
 -2.2613065326633164e-01
 -2.8643216080402012e-01
  2.9648241206030157e-01
 -2.4623115577889443e-01
  9.1959798994974884e-01
  3.8693467336683418e-01
  7.1859296482412072e-01
 -8.4725349496303504e-01
 -1.2539189546740054e-01
177 1
 -5.4773869346733672e-01
 -5.3768844221105527e-01
  6.5326633165829096e-02
 -9.4974874371859297e-01
  5.2763819095477382e-01
 -2.1608040201005019e-01
 -3.9698492462311552e-01
  4.8743718592964824e-01
 -8.0904522613065333e-01
 -1.5577889447236182e-01
  5.5276381909547645e-02
 -4.7738693467336679e-01
  1.4301143623693182e+00
  4.1379489805416148e-01
178 1
 -4.1708542713567842e-01
  3.0653266331658302e-01
 -1.0552763819095479e-01
  5.5778894472361817e-01
 -1.9597989949748740e-01
  5.1758793969849259e-01
 -1.0000000000000000e+00
 -8.8944723618090449e-01
 -2.2613065326633164e-01
  5.1758793969849259e-01
 -1.4572864321608037e-01
  3.3668341708542715e-01
  6.3112492436945178e-01
  1.0739869769201885e-01
179 1
  2.2613065326633164e-01
 -4.7738693467336679e-01
 -2.6633165829145733e-01
  6.9849246231155782e-01
 -8.1909547738693467e-01
  7.4874371859296485e-01
  2.0603015075376896e-01
 -9.5477386934673336e-02
 -1.8592964824120606e-01
 -4.9748743718592969e-01
  8.9949748743718594e-01
  7.5376884422110546e-02
 -2.9995292638218354e-03
  2.4509192479434255e-03
180 1
  1.4572864321608048e-01
  3.9698492462311563e-01
  7.0854271356783927e-01
 -6.1809045226130654e-01
  2.9648241206030157e-01
 -5.4773869346733672e-01
 -3.7688442211055273e-01
 -8.6934673366834170e-01
 -7.3869346733668340e-01
 -8.2914572864321612e-01
  6.5829145728643224e-01
 -5.5778894472361806e-01
  1.8486021688896574e+00
  4.2179834586635090e-01
181 1
 -2.5628140703517588e-01
 -2.7638190954773867e-01
  6.5829145728643224e-01
  4.9748743718592969e-01
 -1.0552763819095479e-01
 -5.2763819095477382e-01
 -4.5226130653266305e-02
  7.7889447236180898e-01
  5.0753768844221114e-01
 -6.2814070351758788e-01
  9.1959798994974884e-01
 -5.2763819095477382e-01
 -4.6302419594274946e-02
 -4.4949115277864976e-01
182 1
 -3.1658291457286436e-01
  4.0703517587939708e-01
 -3.8693467336683418e-01
  5.9798994974874375e-01
 -9.8994974874371855e-01
 -4.7738693467336679e-01
  1.5075376884422065e-02
 -3.1658291457286436e-01
  1.4572864321608048e-01
  2.1608040201005019e-01
  5.3768844221105527e-01
  1.0000000000000000e+00
  1.2742128080399262e-01
  8.1594014274706539e-01
183 1
  1.2562814070351758e-01
 -7.3869346733668340e-01
  1.7587939698492461e-01
 -7.3869346733668340e-01
  5.8793969849246230e-01
  4.8743718592964824e-01
 -2.2613065326633164e-01
  4.3718592964824121e-01
  6.1809045226130666e-01
  6.7839195979899491e-01
 -1.0000000000000000e+00
  1.4572864321608048e-01
 -9.5228813839024495e-01
 -6.1547039016066141e-01
184 1
  9.1959798994974884e-01
 -4.5226130653266305e-02
 -1.5577889447236182e-01
 -5.5276381909547756e-02
  4.0703517587939708e-01
  6.9849246231155782e-01
  6.1809045226130666e-01
 -9.4974874371859297e-01
  8.3919597989949746e-01
 -7.1859296482412061e-01
  2.5125628140703515e-02
 -2.4623115577889443e-01
 -3.0805769851007408e-01
  5.2250743298808000e-01
185 1
  2.3618090452261309e-01
 -8.6934673366834170e-01
  1.5075376884422065e-02
 -6.4824120603015079e-01
  5.1758793969849259e-01
 -6.7839195979899491e-01
 -6.7839195979899491e-01
 -1.5577889447236182e-01
  1.0552763819095490e-01
  4.0703517587939708e-01
  7.1859296482412072e-01
  4.4723618090452266e-01
  1.3795129545368859e-01
 -3.4254794746353595e-01
186 1
 -4.7738693467336679e-01
  7.9899497487437188e-01
  5.7788944723618085e-01
 -3.0653266331658291e-01
 -9.3969849246231152e-01
 -1.5075376884422065e-02
  3.5175879396984966e-02
  3.9698492462311563e-01
 -4.5226130653266305e-02
  4.7738693467336679e-01
 -5.9798994974874375e-01
  4.5226130653266416e-02
  8.7297519849743732e-01
  8.1351759611324992e-01
187 1
  3.8693467336683418e-01
  5.8793969849246230e-01
  2.2613065326633164e-01
  4.0703517587939708e-01
 -1.5577889447236182e-01
 -2.8643216080402012e-01
 -6.2814070351758788e-01
  9.3969849246231152e-01
 -3.0653266331658291e-01
 -8.8944723618090449e-01
  1.1557788944723613e-01
 -3.8693467336683418e-01
  2.1699273634537777e-01
 -2.2702388118054323e-03
188 1
  5.9798994974874375e-01
  7.8894472361809043e-01
 -4.7738693467336679e-01
 -8.8944723618090449e-01
  6.9849246231155782e-01
  2.1608040201005019e-01
 -4.0703517587939697e-01
 -6.4824120603015079e-01
  4.5728643216080411e-01
  1.5577889447236193e-01
 -5.0251256281407253e-03
 -6.2814070351758788e-01
  1.1061786302389629e+00
  6.3471264039859709e-01
189 1
  8.7939698492462304e-01
 -3.1658291457286436e-01
  5.6783919597989962e-01
 -2.9648241206030146e-01
 -9.1959798994974873e-01
 -9.0954773869346739e-01
  1.4572864321608048e-01
 -5.3768844221105527e-01
  4.7738693467336679e-01
  3.7688442211055273e-01
 -2.3618090452261309e-01
 -4.9748743718592969e-01
  1.7679984570006999e+00
  1.2734756168010308e+00
190 1
  3.3668341708542715e-01
 -2.9648241206030146e-01
  7.7889447236180898e-01
 -1.2562814070351758e-01
  5.6783919597989962e-01
 -9.5979899497487442e-01
  2.6633165829145722e-01
  3.4673366834170860e-01
  9.2964824120603007e-01
 -2.4623115577889443e-01
 -5.2763819095477382e-01
 -1.3567839195979903e-01
  4.6203268560574690e-01
  5.8408733522729772e-01
191 1
  5.2763819095477382e-01
 -7.7889447236180898e-01
  4.3718592964824121e-01
  2.4623115577889454e-01
  1.9597989949748751e-01
 -2.0603015075376885e-01
  2.9648241206030157e-01
 -3.5175879396984966e-02
 -3.7688442211055273e-01
 -1.7587939698492461e-01
 -6.5326633165829096e-02
  1.5577889447236193e-01
  1.2791521026289807e-01
  5.5981863954394122e-09
192 1
 -7.5376884422110546e-02
  1.8592964824120606e-01
  3.3668341708542715e-01
  5.2763819095477382e-01
  8.3919597989949746e-01
 -8.6934673366834170e-01
 -7.9899497487437188e-01
 -2.8643216080402012e-01
 -4.2713567839195976e-01
  7.3869346733668340e-01
 -3.2663316582914570e-01
  2.5125628140703515e-02
  2.8782085579164207e-01
  6.2209233307760869e-01
193 1
  8.0904522613065333e-01
  2.7638190954773867e-01
  3.0653266331658302e-01
  7.8894472361809043e-01
  6.5326633165829096e-02
  8.6934673366834181e-01
 -9.2964824120603018e-01
 -4.0703517587939697e-01
  5.3768844221105527e-01
 -4.5728643216080400e-01
  6.5326633165829096e-02
 -6.6834170854271358e-01
  1.2433610534526579e-01
  8.5812573338949927e-02
194 1
 -8.5929648241206036e-01
 -1.3567839195979903e-01
  6.2814070351758788e-01
  9.0954773869346739e-01
 -3.8693467336683418e-01
  2.2613065326633164e-01
  3.6683417085427128e-01
 -8.4924623115577891e-01
  6.6834170854271369e-01
 -4.8743718592964824e-01
  4.9748743718592969e-01
  8.5427135678391997e-02
 -5.7327007999210644e-01
  5.5585499334737165e-02
195 1
 -3.8693467336683418e-01
  1.9597989949748751e-01
 -9.3969849246231152e-01
  2.9648241206030157e-01
 -5.4773869346733672e-01
  6.4824120603015079e-01
  6.3819095477386933e-01
  9.6984924623115587e-01
  9.5979899497487442e-01
 -3.1658291457286436e-01
  2.5628140703517599e-01
  2.5628140703517599e-01
 -6.9318362949724155e-01
 -3.9065190265569986e-03
196 1
  5.8793969849246230e-01
 -2.0603015075376885e-01
 -1.0000000000000000e+00
 -2.4623115577889443e-01
 -6.5829145728643224e-01
 -4.5728643216080400e-01
 -7.2864321608040195e-01
  2.5628140703517599e-01
  9.7989949748743732e-01
  8.1909547738693478e-01
 -9.5979899497487442e-01
  3.5678391959799005e-01
  7.2138307735861706e-01
  1.3188113578920607e-01
197 1
  1.0552763819095490e-01
  6.5326633165829096e-02
 -2.9648241206030146e-01
  5.8793969849246230e-01
  3.5678391959799005e-01
 -6.2814070351758788e-01
  2.5628140703517599e-01
 -3.2663316582914570e-01
 -6.5326633165829096e-02
 -4.7738693467336679e-01
 -4.1708542713567842e-01
  5.0753768844221114e-01
  1.7792785369454600e-01
 -1.2053205751143645e-02
198 1
 -9.1959798994974873e-01
 -6.8844221105527637e-01
 -4.1708542713567842e-01
  7.5879396984924630e-01
  1.4572864321608048e-01
 -5.3768844221105527e-01
  5.8793969849246230e-01
 -9.2964824120603018e-01
 -6.3819095477386933e-01
 -1.2562814070351758e-01
 -1.5075376884422065e-02
  6.0804020100502520e-01
  1.5741618899903242e-01
 -3.2189737762638881e-01
199 1
 -4.5728643216080400e-01
 -4.5728643216080400e-01
 -7.0854271356783927e-01
  3.3668341708542715e-01
 -6.1809045226130654e-01
 -7.8894472361809043e-01
  4.0703517587939708e-01
 -2.4623115577889443e-01
  2.2613065326633164e-01
  4.3718592964824121e-01
 -4.0703517587939697e-01
  2.2613065326633164e-01
  8.6305112483766777e-01
  1.5890162268267763e-01
200 1
 -7.0854271356783927e-01
 -5.7788944723618085e-01
 -5.8793969849246230e-01
  6.2814070351758788e-01
  7.1859296482412072e-01
 -2.9648241206030146e-01
  3.7688442211055273e-01
 -2.1608040201005019e-01
 -5.1758793969849248e-01
  1.5075376884422065e-02
 -3.7688442211055273e-01
  4.6733668341708534e-01
 -3.3971054281191515e-01
 -2.0788077056532565e-03
PSUADE_IO
PSUADE
INPUT
   dimension = 12
   variable 1 A0  =  -1.0000000000000000e+00   1.0000000000000000e+00
   variable 2 A1  =  -1.0000000000000000e+00   1.0000000000000000e+00
   variable 3 A2  =  -1.0000000000000000e+00   1.0000000000000000e+00
   variable 4 A3  =  -1.0000000000000000e+00   1.0000000000000000e+00
   variable 5 A4  =  -1.0000000000000000e+00   1.0000000000000000e+00
   variable 6 A5  =  -1.0000000000000000e+00   1.0000000000000000e+00
   variable 7 A6  =  -1.0000000000000000e+00   1.0000000000000000e+00
   variable 8 A7  =  -1.0000000000000000e+00   1.0000000000000000e+00
   variable 9 A8  =  -1.0000000000000000e+00   1.0000000000000000e+00
   variable 10 A9  =  -1.0000000000000000e+00   1.0000000000000000e+00
   variable 11 A10  =  -1.0000000000000000e+00   1.0000000000000000e+00
   variable 12 A11  =  -1.0000000000000000e+00   1.0000000000000000e+00
END
OUTPUT
   dimension = 2
   variable 1 Y1
   variable 2 Y2
END
METHOD
#  sampling = MC
#  sampling = FACT
   sampling = LH
#  sampling = OA
#  sampling = OALH
#  sampling = MOAT
#  sampling = SOBOL
#  sampling = LPTAU
#  sampling = METIS
#  sampling = FAST
#  sampling = BBD
#  sampling = PBD
#  sampling = FF4
#  sampling = FF5
#  sampling = CCI4
#  sampling = CCI5
#  sampling = CCIF
#  sampling = CCF4
#  sampling = CCF5
#  sampling = CCFF
#  sampling = CCC4
#  sampling = CCC5
#  sampling = CCCF
#  sampling = SFAST
#  sampling = UMETIS
#  sampling = GMOAT
#  sampling = GMETIS
#  sampling = SPARSEGRID
#  sampling = LSA
   num_samples = 200
   num_replications = 1
   num_refinements = 0
   refinement_size = 10000000
   reference_num_refinements = 0
#  refinement_type = adaptive
#  randomize
#  randomize_more
#  random_seed = 2147483647
END
APPLICATION
   driver = ../testfcns/michalewicz2
   opt_driver = NONE
   aux_opt_driver = NONE
#  input_template = NONE
#  output_template = NONE
#  max_parallel_jobs = 1
#  min_job_wait_time = 1
   max_job_wait_time = 1000000
#  nondeterministic
#  launch_only
#  limited_launch_only
#  gen_inputfile_only
#  launch_interval = 1
#  save_frequency = 1000000
END
ANALYSIS
#  analyzer method = Moment
#  analyzer method = MainEffect
#  analyzer method = TwoParamEffect
#  analyzer method = ANOVA
#  analyzer method = GLSA
#  analyzer method = RSFA
#  analyzer method = MOAT
#  analyzer method = Sobol
#  analyzer method = Correlation
#  analyzer method = Integration
#  analyzer method = FAST
#  analyzer method = FF
#  analyzer method = PCA
#  analyzer method = ARSM0
#  analyzer method = FORM
#  analyzer method = RSMSobol1
#  analyzer method = RSMSobol2
#  analyzer method = RSMSobolTSI
#  analyzer method = Bootstrap
#  analyzer method = RSMSobolG
#  analyzer method = ARSMNN
#  analyzer method = ARSM1
#  analyzer method = REL
#  analyzer method = AOPT
#  analyzer method = GOWER
#  analyzer method = DELTA
#  analyzer method = ETA
#  analyzer method = ARSMG
#  analyzer method = LSA
   analyzer output_id  = 1
   analyzer rstype = MARS
#  analyzer rstype = linear
#  analyzer rstype = quadratic
#  analyzer rstype = cubic
#  analyzer rstype = quartic
#  analyzer rstype = ANN
#  analyzer rstype = selective_regression
#  analyzer rstype = GP1
#  analyzer rstype = GP2
#  analyzer rstype = SVM
#  analyzer rstype = PWL
#  analyzer rstype = TGP
#  analyzer rstype = MARSBag
#  analyzer rstype = EARTH
#  analyzer rstype = sum_of_trees
#  analyzer rstype = Legendre
#  analyzer rstype = user_regression
#  analyzer rstype = sparse_grid_regression
#  analyzer rs_legendre_order = -1
#  analyzer regression_wgt_id = -1
#  graphics
#  sample_graphics
   analyzer threshold = 1.000000e+00
#  analyzer rs_constraint = psData indexFile Lbound Ubound
#  analyzer moat_constraint = psData indexFile Lbound Ubound
#  analyzer rs_index_file = indexFile
#  optimization method = crude
#  optimization method = txmath
#  optimization method = appspack
#  optimization method = minpack
#  optimization method = cobyla
#  optimization method = sm
#  optimization method = mm
#  optimization method = mm_adaptive
#  optimization method = bobyqa
#  optimization method = sce
#  optimization num_local_minima = 0
#  optimization use_response_surface
#  optimization print_level = 0
#  optimization num_fmin = 0
#  optimization output_id = 0
#  optimization max_feval = 10000
#  optimization deltax = 1.0e-6
#  optimization fmin = not defined
#  optimization cutoff = not defined
#  optimization tolerance = not defined
   diagnostics 1
#  file_write matlab
#  config_file = NONE
#  use_input_pdfs
#  constraint_op_and
#  interactive
END
END
