Temperature_FlueGP	O2_MassFlow_FlueGP	N2_MassFlow_FlueGP	H2O_MassFlow_FlueGP	CO2_MassFlow_FlueGP	CO_MassFlow_FlueGP	SO2_MassFlow_FlueGP	HCl_MassFlow_FlueGP	Temperature_FlySP0	C_FlySP0	H_FlySP0	N_FlySP0	Cl_FlySP0	S_FlySP0	O_FlySP0	Ash_FlySP0	moisture_FlySP0	heat_loss	Qplaten
1499.69	19.03269141	393.0020763	29.4988419	119.1095164	0.002236492	0.633122739	0.005172608	1499.69	0.067109946	0.004620366	0.001227935	1.04E-05	0.00065559	0.009625766	5.614559298	0	565788000	100786000
1495.73	21.11028315	400.0579793	29.60194988	119.1849513	0.002018438	0.633498503	0.005175659	1495.73	0.047952645	0.003301435	0.000877407	7.44E-06	0.000468447	0.00687797	5.61456326	0	559379000	99115200
1508.04	15.07596582	379.6438332	29.30832821	118.9950017	0.002796934	0.632569374	0.005168054	1508.04	0.095621989	0.006583353	0.001749629	1.48E-05	0.000934124	0.013715315	5.614560506	0	577863000	104275000
1486.42	25.61506034	415.0681191	29.80434005	119.2439269	0.001620093	0.633752535	0.005177745	1486.42	0.034842533	0.002398831	0.00063753	5.40E-06	0.000340375	0.004997568	5.614560219	0	545630000	95541400
1490.21	23.6821497	408.6171641	29.71667565	119.2143124	0.001771361	0.633622607	0.005176679	1490.21	0.041569449	0.002861968	0.000760616	6.45E-06	0.00040609	0.005962412	5.614562551	0	551610000	97004100
1512.84	13.50445544	374.2568778	29.22668251	118.9201838	0.003148072	0.632188859	0.005164976	1512.84	0.114932465	0.007912887	0.00210297	1.78E-05	0.001122773	0.016485139	5.614554676	0	581488000	106157000
1504.91	16.82391097	385.5202512	29.39064559	119.0366169	0.002547011	0.632767326	0.005169675	1504.91	0.085502824	0.0058867	0.001564478	1.33E-05	0.000835269	0.012263887	5.614563799	0	572008000	102844000
1510.2	14.44123481	377.4563094	29.27447597	118.9603261	0.002940567	0.632390762	0.005166621	1510.2	0.104618218	0.007202713	0.001914238	1.62E-05	0.00102201	0.015005652	5.614563871	0	579134000	105087000
1492.83	22.34834838	404.1443783	29.65470645	119.1870827	0.00188679	0.633491864	0.005175619	1492.83	0.048225024	0.003320188	0.000882394	7.48E-06	0.000471108	0.006917069	5.614555012	0	555732000	98039500
1494.06	21.7487105	402.1124247	29.62531143	119.167184	0.001943908	0.63339241	0.00517481	1494.06	0.053286068	0.003668633	0.000975	8.26E-06	0.00052055	0.007642987	5.61455984	0	557492000	98532800
1516.21	11.98997426	369.1185028	29.1518616	118.8672248	0.003484904	0.631928461	0.005162833	1516.21	0.128386084	0.008839141	0.002349136	1.99E-05	0.001254201	0.018414848	5.614554949	0	586134000	107680000
1502.69	17.57679247	388.1074688	29.43023607	119.0748405	0.002418798	0.632961161	0.005171249	1502.69	0.075617503	0.005206087	0.001383598	1.17E-05	0.000738702	0.010845998	5.61455452	0	570296000	101998000
1488.95	24.20390881	410.3380159	29.73883107	119.215148	0.001721986	0.633618161	0.005176642	1488.95	0.04180339	0.002878077	0.000764893	6.48E-06	0.000408375	0.005995979	5.614560924	0	550115000	96552800
1501.7	18.22682091	390.2622007	29.4586448	119.0794057	0.002346728	0.632975487	0.005171384	1501.7	0.074773312	0.005147991	0.001368159	1.16E-05	0.000730457	0.010724967	5.614564635	0	567939000	101534000
1512	13.32136393	373.68165	29.22097339	118.9304161	0.003129145	0.632243458	0.005165428	1512	0.11209183	0.00771726	0.002050989	1.74E-05	0.001095021	0.016077658	5.614562507	0	583055000	105981000
1517.51	11.79440567	368.4533341	29.14210344	118.8595653	0.003576629	0.631891328	0.005162532	1517.51	0.130228754	0.008965967	0.002382848	2.02E-05	0.0012722	0.018679131	5.614563756	0	586127000	108125000
1506.1	16.80552234	385.4097181	29.38623551	119.0189037	0.002592746	0.632671224	0.005168899	1506.1	0.090343888	0.006219979	0.00165306	1.40E-05	0.000882565	0.012958333	5.614559851	0	571105000	103181000
1490.5	23.43252639	407.7509536	29.70297345	119.199238	0.001786505	0.63354303	0.005176028	1490.5	0.045655825	0.003143308	0.000835385	7.08E-06	0.00044601	0.006548535	5.614561726	0	552459000	97154800
1518	12.21369543	369.8853555	29.16349665	118.877959	0.003544784	0.631985013	0.005163278	1518	0.12557219	0.008645397	0.002297653	1.95E-05	0.001226714	0.01801122	5.614554171	0	583870000	108090000
1519.85	10.59662417	364.3805749	29.08230528	118.8143468	0.00388189	0.631667964	0.005160711	1519.85	0.141677884	0.00975424	0.002592339	2.20E-05	0.001384046	0.020321325	5.614556721	0	590022000	109246000
