

 MARS modeling, version 3.6 (3/25/93)


 input parameters (see doc.):
    n     p    nk    ms    mi     df    il    fv     ic
   500    5   100     0     5   3.000    0  0.000     0

 predictor variable flags:
 var:    1  2  3  4  5
 flag:   1  1  1  1  1

 ordinal response:
      min         n/4         n/2        3n/4         max
   0.6386E+05  0.4217E+06  0.7947E+06  0.1170E+07  0.2998E+07

 there are  5 ordinal predictor variables.

  var     min         n/4         n/2        3n/4         max
   1   -1.729     -0.8683     -0.6436E-02  0.8620       1.724    
   2   -1.725     -0.8702     -0.4544E-02  0.8648       1.723    
   3   -1.726     -0.8665     -0.3598E-02  0.8628       1.730    
   4   -1.725     -0.8679     -0.6714E-02  0.8624       1.727    
   5   -1.727     -0.8685     -0.3360E-02  0.8643       1.729    


 forward stepwise knot placement:

  basfn(s)    gcv      #indbsfns  #efprms   variable      knot            parent
     0      0.2662E+12      0.0      1.0
   2   1    0.1977E+12      2.0      6.0          2.       -0.6287                 0.
   4   3    0.1516E+12      4.0     11.0          4.       -0.8364                 0.
   6   5    0.1035E+12      6.0     16.0          3.       -0.5001                 0.
   8   7    0.6987E+11      8.0     21.0          1.        0.1626                 0.
  10   9    0.5771E+11      9.0     25.0          4.         1.160                 0.
  12  11    0.4503E+11     10.0     29.0          2.         1.203                 0.
  14  13    0.3226E+11     11.0     33.0          3.        0.9497                 0.
  16  15    0.2524E+11     12.0     37.0          1.        -1.164                 0.
  18  17    0.1827E+11     13.0     41.0          1.         1.287                 0.
  20  19    0.1384E+11     14.0     45.0          3.        -1.211                 0.
  22  21    0.1130E+11     15.0     49.0          2.        -1.334                 0.
    23      0.9686E+10     16.0     53.0          5.        -1.727                 0.
  25  24    0.8758E+10     18.0     58.0          4.       -0.7091                23.
  27  26    0.8025E+10     20.0     63.0          2.       -0.6581                19.
  29  28    0.7215E+10     22.0     68.0          3.        0.6138                10.
  31  30    0.6547E+10     23.0     72.0          4.        -1.418                 0.
  33  32    0.5553E+10     24.0     76.0          3.         1.324                 0.
  35  34    0.4553E+10     25.0     80.0          4.        0.4973                 0.
  37  36    0.3731E+10     27.0     85.0          2.        0.6374                33.
  39  38    0.3393E+10     28.0     89.0          4.        0.4142                23.
  41  40    0.3070E+10     30.0     94.0          4.         1.412                19.
  43  42    0.2847E+10     31.0     98.0          2.        -1.045                 0.
  45  44    0.2399E+10     32.0    102.0          1.        0.9516                 0.
  47  46    0.1940E+10     33.0    106.0          1.       -0.6678                 0.
  49  48    0.1737E+10     34.0    110.0          2.        0.7857                 0.
  51  50    0.1542E+10     35.0    114.0          1.        -1.496                 0.
  53  52    0.1359E+10     36.0    118.0          2.         1.410                 0.
  55  54    0.1258E+10     37.0    122.0          3.        -1.580                 0.
  57  56    0.1166E+10     38.0    126.0          3.       -0.9199                 0.
  59  58    0.1082E+10     39.0    130.0          4.         1.578                 0.
  61  60    0.9967E+09     40.0    134.0          2.        -1.496                 0.
  63  62    0.9152E+09     42.0    139.0          3.        0.7849E-01            59.
  65  64    0.8131E+09     43.0    143.0          1.         1.533                 0.
  67  66    0.7537E+09     44.0    147.0          3.         1.655                 0.
  69  68    0.7081E+09     45.0    151.0          4.        -1.166                 0.
  71  70    0.6898E+09     47.0    156.0          4.       -0.2920                56.
  73  72    0.6107E+09     48.0    160.0          4.       -0.5869                 0.
  75  74    0.5986E+09     50.0    165.0          3.        -1.444                53.
  77  76    0.5419E+09     51.0    169.0          4.        0.8290                 0.
  79  78    0.5334E+09     53.0    174.0          5.        0.3553                77.
  81  80    0.4977E+09     54.0    178.0          1.       -0.9153                 0.
  83  82    0.4771E+09     55.0    182.0          3.         1.490                 0.
  85  84    0.4603E+09     56.0    186.0          2.         1.531                 0.
  87  86    0.4454E+09     57.0    190.0          1.        0.3720                 0.
  89  88    0.4339E+09     59.0    195.0          2.       -0.2883E-01            14.
  91  90    0.4144E+09     60.0    199.0          2.        0.9929                 0.
  93  92    0.3966E+09     61.0    203.0          4.         1.408                 0.
  95  94    0.3889E+09     62.0    207.0          3.         1.241                 0.
  97  96    0.3780E+09     64.0    212.0          3.        0.9635                 1.
  99  98    0.3683E+09     65.0    216.0          3.        0.7058                 0.
   100      0.3696E+09     66.0    220.0          3.        -1.726                21.

 final model after backward stepwise elimination:

 bsfn:       0           1           2           3           4           5    
 coef: -0.5662E+07 -0.1729E+07  0.2068E+07 -0.1214E+07  0.1644E+07 -0.1496E+07

 bsfn:       6           7           8           9          10          11    
 coef:  0.1620E+07 -0.1815E+07  0.1779E+07  0.5451E+06   0.000      0.4474E+06

 bsfn:      12          13          14          15          16          17    
 coef:   0.000      0.3937E+06   0.000      0.5401E+06   0.000      0.5706E+06

 bsfn:      18          19          20          21          22          23    
 coef:   0.000      0.5657E+06   0.000      0.5118E+06   0.000      0.6299E+05

 bsfn:      24          25          26          27          28          29    
 coef: -0.3985E+05 -0.4580E+05  0.7069E+05 -0.1318E+06  0.2014E+05  0.5611E+05

 bsfn:      30          31          32          33          34          35    
 coef:  0.7590E+06   0.000       0.000       0.000      0.2532E+06   0.000    

 bsfn:      36          37          38          39          40          41    
 coef:  0.7285E+05   0.000     -0.5738E+05   0.000      0.1015E+06   0.000    

 bsfn:      42          43          44          45          46          47    
 coef:  0.5261E+06   0.000      0.5201E+06   0.000      0.1911E+06   0.000    

 bsfn:      48          49          50          51          52          53    
 coef:  0.2222E+06   0.000      0.8351E+06   0.000      0.4166E+06   0.000    

 bsfn:      54          55          56          57          58          59    
 coef:  0.6801E+06   0.000      0.3982E+06   0.000      0.6083E+06   0.000    

 bsfn:      60          61          62          63          64          65    
 coef:  0.6445E+06   0.000       0.000      0.4837E+05  0.6683E+06   0.000    

 bsfn:      66          67          68          69          70          71    
 coef:  0.4677E+06   0.000      0.4380E+06   0.000     -0.7006E+05  0.7811E+05

 bsfn:      72          73          74          75          76          77    
 coef:  0.2118E+06   0.000       0.000      0.2068E+06  0.2442E+06   0.000    

 bsfn:      78          79          80          81          82          83    
 coef: -0.4487E+05  0.5025E+05  0.2126E+06   0.000      0.6143E+06   0.000    

 bsfn:      84          85          86          87          88          89    
 coef:  0.4298E+06   0.000      0.1129E+06   0.000      0.4118E+05   0.000    

 bsfn:      90          91          92          93          94          95    
 coef:  0.2301E+06   0.000      0.3248E+06   0.000      0.5579E+06   0.000    

 bsfn:      96          97          98          99         100        
 coef: -0.4591E+05   0.000      0.7914E+05   0.000     -0.4489E+05

   (piecewise linear) gcv =   0.3230E+09   #efprms = 196.8

 anova decomposition on 59 basis functions:
  fun. std. dev.     -gcv    #bsfns  #efprms  variable(s)
   1   0.2792E+06  0.5160E+11  10      33.2     2
   2   0.3538E+06  0.3965E+11  10      33.2     4
   3   0.2620E+06  0.1807E+11  10      33.2     3
   4   0.2369E+06  0.1099E+12  10      33.2     1
   5   0.6293E+05  0.3418E+09   1       3.3     5
   6   0.1464E+06  0.2876E+10   5      16.6     4   5
   7   0.1028E+06  0.2684E+10   7      23.2     2   3
   8   0.1741E+06  0.2666E+10   6      19.9     3   4

 piecewise cubic fit on 59 basis functions, gcv =  0.2077E+09

 -gcv removing each variable:

        1           2           3           4           5        
   0.1099E+12  0.1387E+12  0.1216E+12  0.1273E+12  0.6134E+10

 relative variable importance:

        1           2           3           4           5        
    88.98       100.0       93.62       95.76       20.47    
