# NAMESHAVENODES
PSUADE_IO (Note : inputs not true inputs if pdf ~=U)
6 2 100
1 0
 -4.9430588143612528e+00
 -7.4700099683692729e+00
 -2.0259316228450883e+00
 -3.6506220575657782e+00
  3.2883701628485547e+00
  1.9606870934184109e+00
 9.9999999999999997e+34
 9.9999999999999997e+34
2 0
 -7.0489437491860913e+00
 -4.6201513682585915e+00
  9.7573822828742571e+00
  3.8056717318509108e+00
  2.5402231386584333e+00
 -7.5339929654886912e+00
 9.9999999999999997e+34
 9.9999999999999997e+34
3 0
 -9.6479350699335029e+00
 -8.1364376741165465e+00
  8.5034019306783577e+00
  5.3447074980217515e+00
  3.9161122003179560e+00
  1.7694678631468896e-01
 9.9999999999999997e+34
 9.9999999999999997e+34
4 0
  3.9920498589016731e+00
 -6.3368582522202557e+00
 -6.1085527837781939e+00
 -1.5458256432534316e+00
  4.0728412168439672e+00
 -9.9130477103931121e+00
 9.9999999999999997e+34
 9.9999999999999997e+34
5 0
  9.9790641618795028e-01
 -7.9078578473571026e+00
 -2.1419375632619193e+00
  3.4088133989874336e+00
  4.8850762820267484e+00
 -2.1890265644476870e+00
 9.9999999999999997e+34
 9.9999999999999997e+34
6 0
 -8.5603582479806413e+00
  2.8838067748042775e+00
  3.7899698940059032e+00
  8.1587452805408951e+00
 -8.5779827733421623e+00
 -2.3344211524047056e+00
 9.9999999999999997e+34
 9.9999999999999997e+34
7 0
 -7.2375382330442051e-02
 -8.2351767356671282e+00
  2.1436360348684875e+00
 -8.3853549130192739e+00
  5.2557050228378284e+00
 -9.0486064548830534e+00
 9.9999999999999997e+34
 9.9999999999999997e+34
8 0
 -3.7944624264698765e+00
 -8.9972779615769518e+00
  2.6367516269147018e-02
  2.0895265378474832e+00
 -6.5709711874700014e+00
  8.9960626834053770e-01
 9.9999999999999997e+34
 9.9999999999999997e+34
9 0
 -3.0606858399979240e+00
  5.1391633111700248e+00
 -1.3235067256370119e+00
  8.7603898247519467e+00
 -1.9049401264195058e+00
  2.7074560489074599e+00
 9.9999999999999997e+34
 9.9999999999999997e+34
10 0
  5.3760768358484263e+00
  1.5065814422008490e+00
  6.7437308452761400e+00
 -7.6954925701466816e+00
  5.2544895351186796e+00
 -5.7341361584766473e+00
 9.9999999999999997e+34
 9.9999999999999997e+34
11 0
  7.8865681020014762e+00
  9.4795536759679955e-01
 -6.5856458044544075e+00
  2.1880025566499679e+00
 -8.8027824223054374e-01
  1.7821687887339710e+00
 9.9999999999999997e+34
 9.9999999999999997e+34
12 0
  2.6710464165876857e-01
  7.9079631799403387e+00
 -1.6984132079865848e+00
 -6.1600854881853264e+00
  2.0691835563952026e+00
  7.2880753815584143e-01
 9.9999999999999997e+34
 9.9999999999999997e+34
13 0
  9.9276105966081900e+00
 -2.4816517310597241e+00
  8.5436947636975411e+00
  3.1165228752030636e+00
 -6.6055818491641105e-02
 -2.7188074461737681e+00
 9.9999999999999997e+34
 9.9999999999999997e+34
14 0
 -4.1679599760882367e+00
 -5.1670338935996565e+00
 -6.0029584616436438e+00
 -6.3656661363158680e+00
 -1.7653469796131116e+00
 -1.7349962385999955e+00
 9.9999999999999997e+34
 9.9999999999999997e+34
15 0
 -7.6693007525379304e+00
  5.5911150926682716e+00
  5.8254537805102089e+00
 -7.1934278203143869e+00
  1.8734413720078020e+00
 -8.8750455523259220e+00
 9.9999999999999997e+34
 9.9999999999999997e+34
16 0
  6.3162452524137898e+00
 -4.6674300705396714e+00
  7.7968340263687246e+00
  9.3949841798259790e+00
 -2.7690616123234211e+00
 -6.7483157369998823e+00
 9.9999999999999997e+34
 9.9999999999999997e+34
17 0
 -1.1072606831357170e+00
 -7.2597425930480242e-01
 -8.1873364831261970e+00
 -3.0482231979482908e+00
  4.9452421045607142e+00
 -3.7462085968564196e-01
 9.9999999999999997e+34
 9.9999999999999997e+34
18 0
  6.7440581679083706e+00
 -5.4937137176719091e+00
 -5.3323847266531388e-02
 -7.5285223813394708e-01
  1.9578220005882070e+00
 -8.6536470142442958e+00
 9.9999999999999997e+34
 9.9999999999999997e+34
19 0
  7.7451268200507037e+00
 -5.6415152436315621e+00
  3.0935430028911419e+00
  1.5171916929619336e+00
 -3.0090078259860142e-01
 -3.3376906548336649e-01
 9.9999999999999997e+34
 9.9999999999999997e+34
20 0
 -5.1499369997298050e+00
 -1.6356163339855225e+00
 -3.9274604124610590e+00
  5.0797185558265632e+00
 -3.6107761010577786e+00
  9.6492415385550103e+00
 9.9999999999999997e+34
 9.9999999999999997e+34
21 0
  6.6052448640601895e+00
  5.3522955511474493e+00
  3.5622883139002681e-01
 -5.4475222320517167e+00
 -8.5193630580414847e+00
 -8.4110334787569165e+00
 9.9999999999999997e+34
 9.9999999999999997e+34
22 0
 -1.1306404374216878e+00
  8.5172740176866171e+00
  9.3540485107125946e+00
  4.7204607141765109e+00
  7.7526247677172648e+00
 -9.0698238085349203e+00
 9.9999999999999997e+34
 9.9999999999999997e+34
23 0
  6.0726944245736547e+00
  9.1474795244389568e+00
  8.9213261282636438e+00
 -8.4196263916881868e+00
  7.7127537120658687e+00
  6.3424964604631526e+00
 9.9999999999999997e+34
 9.9999999999999997e+34
24 0
 -5.4058736168806778e+00
  6.4907123970290250e+00
  5.4482459069454325e+00
  7.3549612925178209e-01
  8.9261645911848930e+00
  9.6891642267299645e+00
 9.9999999999999997e+34
 9.9999999999999997e+34
25 0
  3.6301317595085756e+00
  8.9503310802161380e+00
 -4.6555335515437335e+00
  3.5181446715808207e+00
  1.2541069608433659e+00
 -9.9159777722861513e+00
 9.9999999999999997e+34
 9.9999999999999997e+34
26 0
  2.0761649553087373e+00
  3.8612710376555430e+00
 -5.1759492304064096e+00
 -3.7482000858281737e+00
 -4.0697100079011683e+00
 -2.7588717698859391e+00
 9.9999999999999997e+34
 9.9999999999999997e+34
27 0
 -8.1246710885896611e-01
 -1.4352899284266343e+00
 -1.4439310652408430e+00
  1.0050720958994113e+00
  7.8555071995852082e+00
 -1.0958587709329350e+00
 9.9999999999999997e+34
 9.9999999999999997e+34
28 0
 -5.8407768867168466e+00
  8.0116901816854664e+00
 -3.2371535493233958e+00
  8.1820066730408030e+00
  3.7670576636526061e+00
 -5.8023516441706340e+00
 9.9999999999999997e+34
 9.9999999999999997e+34
29 0
  6.6341304670246934e+00
 -1.3040047936625800e+00
 -6.4223996998846529e+00
  2.7520071215704114e+00
 -9.7929480065558749e-01
  8.4658512372830188e+00
 9.9999999999999997e+34
 9.9999999999999997e+34
30 0
 -1.2262703158083692e+00
 -6.9661822342156352e+00
 -4.5875153851637220e+00
  5.5237512642162638e+00
  9.6490970624839392e+00
  4.6584581931393849e+00
 9.9999999999999997e+34
 9.9999999999999997e+34
31 0
  7.3405464260562070e+00
  3.8965784077982324e+00
  8.7658678455119343e+00
  1.7027029356466166e+00
  8.9661380178137371e+00
  2.5749773311312207e+00
 9.9999999999999997e+34
 9.9999999999999997e+34
32 0
 -3.6119084356408138e-01
 -8.7855956790901697e+00
 -1.3316464011239102e+00
  1.7659433706504952e+00
  6.8762619313207765e+00
  2.3975945228699569e+00
 9.9999999999999997e+34
 9.9999999999999997e+34
33 0
 -2.6581780205751668e+00
 -7.5963791728002850e+00
  1.7742916065148506e+00
 -1.2040610384214965e+00
  1.4572697093045672e+00
  5.1586194313869900e+00
 9.9999999999999997e+34
 9.9999999999999997e+34
34 0
 -4.0404323972949996e-01
 -3.6834898189098997e+00
 -3.1277539921588051e+00
 -3.4693223766374039e+00
  6.8074927231331728e-01
  8.7905112229243443e-01
 9.9999999999999997e+34
 9.9999999999999997e+34
35 0
  5.9216621592276102e+00
 -3.3367760169025393e+00
 -7.0570264184181699e+00
 -7.3221926471787473e+00
 -2.8833619658292093e+00
  1.4061283745831474e+00
 9.9999999999999997e+34
 9.9999999999999997e+34
36 0
  5.4674594548844997e+00
 -9.2742772676396541e+00
  7.7688830242347358e+00
  7.0996214715296517e+00
 -4.6450092059769705e+00
 -2.6304507034972548e+00
 9.9999999999999997e+34
 9.9999999999999997e+34
37 0
 -2.3669922688822229e+00
  9.2689001370542208e+00
  7.7209018998411025e+00
  4.1458605388858629e+00
 -6.1660413659019753e-02
 -4.0475120740232580e+00
 9.9999999999999997e+34
 9.9999999999999997e+34
38 0
  6.1142923385437058e+00
 -3.9125022636319056e+00
  1.6427769845550770e+00
  5.1065485063505118e+00
  2.7970186866805964e+00
  3.8793584862162156e+00
 9.9999999999999997e+34
 9.9999999999999997e+34
39 0
  1.9149091802141207e+00
  9.8540560621088638e+00
 -2.4003178125248841e+00
 -7.0294363503481438e+00
 -2.0883571505958010e+00
  1.6198515014815378e+00
 9.9999999999999997e+34
 9.9999999999999997e+34
40 0
  5.1833796571862791e+00
  3.4965089026356626e+00
  5.1000675070565507e+00
 -5.9989500865335348e+00
  6.9330413252734786e+00
  5.9165777992068680e+00
 9.9999999999999997e+34
 9.9999999999999997e+34
41 0
  1.9163777827827175e+00
  1.3205811340923326e+00
  3.1555043315307714e+00
 -2.2397588064147902e+00
 -7.1172565767156222e+00
 -2.4606883490740730e+00
 9.9999999999999997e+34
 9.9999999999999997e+34
42 0
 -8.1048702812310633e+00
  7.8568546464000164e+00
 -4.5574634869384880e+00
  5.7815542145546317e+00
 -5.7249033431172851e+00
 -5.8234309571904275e+00
 9.9999999999999997e+34
 9.9999999999999997e+34
43 0
  7.7314507298783646e+00
 -4.4404845752010509e+00
 -4.2699847250571397e+00
  2.1020640302924747e+00
  1.1753627337400623e+00
  1.3756900333686222e+00
 9.9999999999999997e+34
 9.9999999999999997e+34
44 0
 -2.7724473982921092e+00
  5.3611434508865425e+00
  3.1676223749144121e+00
  7.1656570290986714e+00
  8.6754102719367516e+00
 -8.2899521935218718e+00
 9.9999999999999997e+34
 9.9999999999999997e+34
45 0
 -5.6234268171821844e+00
 -1.4682462212947414e+00
 -9.6453459838616418e+00
  3.2357684817331744e-01
 -2.7307524684494142e+00
 -7.8338070203707586e+00
 9.9999999999999997e+34
 9.9999999999999997e+34
46 0
 -2.5176266452845306e+00
 -8.1606139140951512e+00
 -4.5105037812658129e+00
 -8.0579529227958773e+00
  1.9292200505403905e+00
 -1.9556362656669890e-01
 9.9999999999999997e+34
 9.9999999999999997e+34
47 0
  4.5274301779118513e+00
  3.8939768233774110e+00
 -3.6193748906344991e+00
  2.0338470172294638e+00
 -3.9185235807292740e+00
 -3.3722696236205607e+00
 9.9999999999999997e+34
 9.9999999999999997e+34
48 0
  2.0721732043065941e+00
  7.2784496086083585e+00
 -8.5297845204033820e+00
  3.3721464282703337e+00
 -2.3930635454100857e+00
 -7.9273778190498136e+00
 9.9999999999999997e+34
 9.9999999999999997e+34
49 0
  8.7283252359965466e+00
 -1.0271866391539515e+00
 -6.8195734065117186e+00
  1.7384440599654063e+00
  8.8971877651741664e+00
  9.3416951174576468e-01
 9.9999999999999997e+34
 9.9999999999999997e+34
50 0
  5.6915261296981612e+00
  5.9441030379124467e+00
 -6.5146316199165915e+00
  2.7626153606747330e+00
  2.0632824171629203e+00
 -4.1105419276796944e+00
 9.9999999999999997e+34
 9.9999999999999997e+34
51 0
 -2.5499725959030783e+00
 -7.8697010678563739e+00
  4.5450197414239035e+00
  4.8370019136169002e+00
  2.6965617727006617e+00
 -4.4306782048338453e+00
 9.9999999999999997e+34
 9.9999999999999997e+34
52 0
  5.2606867138578970e+00
 -2.4850606976473060e+00
  6.2059809017022971e-01
 -4.8295357147369238e+00
 -3.6916989524344448e+00
  2.9539406080515782e+00
 9.9999999999999997e+34
 9.9999999999999997e+34
53 0
 -1.2627559393936565e+00
 -7.6963842183800342e+00
 -2.5929306180183431e-01
 -8.8738569425762890e+00
  2.0673913192317777e+00
  1.0360164712350883e+00
 9.9999999999999997e+34
 9.9999999999999997e+34
54 0
 -8.5484594565576213e+00
  6.9130052146096723e+00
  5.0408207415793189e+00
  1.2894783407866388e+00
  3.8096947846048028e+00
 -2.0251758871717307e-01
 9.9999999999999997e+34
 9.9999999999999997e+34
55 0
  7.6547712542371684e+00
 -7.2261115336912276e+00
  1.7570325880111337e+00
  1.2237506505212519e+00
 -5.1142608817267519e+00
  6.6762100144644307e+00
 9.9999999999999997e+34
 9.9999999999999997e+34
56 0
 -5.7621637060130775e+00
  5.0316409371009296e+00
  5.4285391864499726e+00
  8.5120883763358393e+00
  9.5531661713277742e+00
 -3.2389640031563882e+00
 9.9999999999999997e+34
 9.9999999999999997e+34
57 0
 -7.1633717218243387e+00
  3.6500962421531309e+00
  1.4409056638557960e+00
  7.4994445347690331e-01
 -1.4658535790936345e+00
 -5.9764180499950506e+00
 9.9999999999999997e+34
 9.9999999999999997e+34
58 0
  3.6931389820264364e+00
 -7.0312930536602121e+00
 -8.3544894300189281e+00
 -1.6693763209829928e+00
  9.1829293869356299e+00
  1.5860363708743996e+00
 9.9999999999999997e+34
 9.9999999999999997e+34
59 0
 -3.9257355471727138e+00
  9.8822818230289435e+00
 -1.3279536419212601e+00
  3.5651150595234320e+00
  5.7504754493713719e+00
 -1.9197819251193575e+00
 9.9999999999999997e+34
 9.9999999999999997e+34
60 0
  5.6780919785043658e+00
  1.7473456970170815e+00
 -2.1460847147489357e+00
  5.1632243837989993e+00
  6.6954817886908913e+00
 -8.6087259457487271e+00
 9.9999999999999997e+34
 9.9999999999999997e+34
61 0
  7.9218089477726323e+00
 -8.7467227497821316e+00
  2.7021463553896847e+00
 -5.8021778128120012e+00
 -8.3818302482281943e+00
  4.6027685769846531e+00
 9.9999999999999997e+34
 9.9999999999999997e+34
62 0
 -5.7991914152163968e+00
 -4.5671491672131923e+00
 -6.4777393902082645e+00
 -3.0571220410322404e+00
  9.2088923227083370e+00
 -9.5322281026897144e+00
 9.9999999999999997e+34
 9.9999999999999997e+34
63 0
  4.0894468101158026e+00
  4.4309739463175539e+00
 -1.9068906884206882e+00
 -9.3807594754643553e+00
  5.3398810677881734e+00
  7.2125708671345237e+00
 9.9999999999999997e+34
 9.9999999999999997e+34
64 0
 -1.1317615868206055e-01
  6.2634259165560024e+00
 -3.1958282707239638e+00
  6.7161900721100096e+00
 -7.2214868418972422e-01
 -9.6789458671952353e+00
 9.9999999999999997e+34
 9.9999999999999997e+34
65 0
  6.0692200232619520e+00
 -7.0960384034998896e+00
  4.7490433113412216e+00
 -3.9848153078857882e+00
  9.7856550662711541e+00
  8.9569587348759896e+00
 9.9999999999999997e+34
 9.9999999999999997e+34
66 0
 -3.0934576285506861e+00
  5.8447144999377016e+00
 -2.7777764633194435e+00
 -9.3042611606904586e+00
 -6.1423919238813180e+00
  4.9375254637270807e+00
 9.9999999999999997e+34
 9.9999999999999997e+34
67 0
  6.2718477269037862e+00
 -9.3486953151173395e+00
  6.3332909328552383e+00
 -3.1747707133995231e+00
  5.8478167168087403e+00
 -5.8461031112103274e+00
 9.9999999999999997e+34
 9.9999999999999997e+34
68 0
  3.7090757413343844e-01
  1.3426086545654599e+00
  1.6763316894305547e+00
  5.1148457429906564e+00
 -5.0989768072492332e+00
 -7.3796673479395301e+00
 9.9999999999999997e+34
 9.9999999999999997e+34
69 0
  3.6323585797251940e+00
 -8.9460756997326740e+00
  6.1483809706514627e+00
 -1.7068182824676938e+00
 -9.4770092700966675e+00
 -7.0541078304192553e+00
 9.9999999999999997e+34
 9.9999999999999997e+34
70 0
 -3.5071252069934857e+00
  2.2060872857487226e+00
  2.8356682662086889e+00
  9.3678762388266037e+00
 -7.1711737090587491e+00
 -9.7788450772775555e+00
 9.9999999999999997e+34
 9.9999999999999997e+34
71 0
  1.0397870144992076e+00
 -3.8313043275062491e+00
 -6.7061842031340042e+00
  9.1395467888282376e+00
  6.7667867228234115e+00
 -1.8225199784257065e+00
 9.9999999999999997e+34
 9.9999999999999997e+34
72 0
  6.6725496280344885e+00
  6.9047861811261555e+00
 -9.9809362925500320e+00
 -6.9248631302848747e+00
  6.9233335819669684e+00
 -3.7940752756754295e+00
 9.9999999999999997e+34
 9.9999999999999997e+34
73 0
 -4.9854462011649492e+00
  2.2675759961211934e+00
  9.5959202943350732e+00
  9.7041241730116887e+00
 -4.1513311742578303e+00
 -6.7392425968960126e+00
 9.9999999999999997e+34
 9.9999999999999997e+34
74 0
 -1.9045541211518255e+00
 -5.9075689436437351e-01
 -3.6534889199088738e+00
 -6.0276517346630119e+00
 -6.6238839908614215e+00
 -5.0828277203640102e+00
 9.9999999999999997e+34
 9.9999999999999997e+34
75 0
  9.2702029781742823e-01
 -8.9901663544541996e+00
  8.9954183013157163e-01
 -9.2455419894519917e+00
 -4.7669356245393502e-01
 -8.9267886052498540e+00
 9.9999999999999997e+34
 9.9999999999999997e+34
76 0
 -8.8898528874338822e-01
 -2.8414275650127916e+00
  8.1168491012029591e+00
  5.9866276178446736e+00
 -7.6863925427600712e+00
  8.8387745008053287e-01
 9.9999999999999997e+34
 9.9999999999999997e+34
77 0
  8.9291017544113060e-04
  1.0576419071562704e-01
 -2.3251869726578889e-02
 -5.2626998886758001e+00
 -1.7583859161279136e-02
  8.0541113103060589e+00
 9.9999999999999997e+34
 9.9999999999999997e+34
78 0
 -5.0931459828713663e+00
 -3.0660179038839495e+00
  7.6969462017048862e-01
 -5.2219794575227327e+00
  2.9941941159750307e-01
 -7.4796238436734415e+00
 9.9999999999999997e+34
 9.9999999999999997e+34
79 0
  8.9182243304877638e+00
  8.3456151552245075e+00
 -5.1063893805753393e+00
  4.6726742455142904e+00
 -6.8461320255166536e+00
 -6.9114495426935374e+00
 9.9999999999999997e+34
 9.9999999999999997e+34
80 0
 -5.3798996449354570e+00
 -1.4750788041740091e+00
 -1.0349990385747514e+00
  9.9376134946651824e+00
  8.3972118973718999e+00
  9.8387858084583577e+00
 9.9999999999999997e+34
 9.9999999999999997e+34
81 0
 -5.5032211428057494e+00
 -1.8751189447357870e+00
 -9.3316283818947277e+00
 -3.1753793792684473e+00
  2.5070811121291854e+00
 -2.7357304714320838e+00
 9.9999999999999997e+34
 9.9999999999999997e+34
82 0
 -2.6573557838133333e+00
  3.8344728731710802e+00
  4.1053394293903089e+00
 -7.1700008200341845e+00
 -5.6908759547820669e+00
 -3.8514996384510303e+00
 9.9999999999999997e+34
 9.9999999999999997e+34
83 0
 -1.8121071773637585e+00
  2.4773392698156371e+00
 -9.6128906400934291e+00
 -6.1030498687657762e+00
  5.9721589721609654e+00
 -1.0521704755035088e+00
 9.9999999999999997e+34
 9.9999999999999997e+34
84 0
 -3.0353797567241738e+00
 -2.9852360268054703e+00
 -8.7295465817346916e+00
  1.6063658388361173e+00
  4.5437296920193955e+00
 -4.1504658265739991e+00
 9.9999999999999997e+34
 9.9999999999999997e+34
85 0
 -7.8424464249249759e+00
  7.5633835594930616e+00
  6.1961703450401160e+00
 -8.6308889457168476e+00
 -2.2967946866046614e+00
  6.5146082576897868e-01
 9.9999999999999997e+34
 9.9999999999999997e+34
86 0
  9.2610934745804840e+00
 -2.1544787716839835e+00
 -8.1861149231838599e+00
 -9.1510608695219560e+00
 -4.5487367243267300e+00
  8.1737964591820713e+00
 9.9999999999999997e+34
 9.9999999999999997e+34
87 0
  9.3133456070503904e+00
 -9.0264323256101608e+00
 -1.6971946189632607e+00
  5.0070109195108579e+00
  3.5226062561956262e+00
 -9.5575752759154771e+00
 9.9999999999999997e+34
 9.9999999999999997e+34
88 0
  2.4324557894991976e+00
  6.9373094835026698e+00
 -1.3544454711277254e-01
  6.9899888602038800e+00
  3.9073974377975773e-01
  8.7637631216849030e+00
 9.9999999999999997e+34
 9.9999999999999997e+34
89 0
 -8.4672890037611541e+00
  3.8706842874505938e+00
 -5.8150277034449616e-01
 -2.2819630393208765e+00
  5.5877765992599429e+00
 -3.8900858787307913e+00
 9.9999999999999997e+34
 9.9999999999999997e+34
90 0
 -7.3269901691595978e+00
 -3.3560179143007929e+00
 -8.9323935466503688e+00
  2.3571736050570262e+00
  3.1988613648334798e+00
  2.3194915672389289e+00
 9.9999999999999997e+34
 9.9999999999999997e+34
91 0
 -1.9772397223754030e+00
  9.0883381846772231e+00
 -5.6927590052097843e+00
  2.2464453951671928e+00
  4.2961389265470871e+00
 -8.0797889540343490e+00
 9.9999999999999997e+34
 9.9999999999999997e+34
92 0
  4.8724424908274973e+00
 -9.5109150277035841e+00
  8.8162079913617148e+00
 -3.8349696406326119e+00
 -8.2874356854182842e+00
 -5.5913668664132086e+00
 9.9999999999999997e+34
 9.9999999999999997e+34
93 0
  6.5118564555942342e+00
 -3.3186604144604228e+00
  5.9762158971169104e+00
  8.1400431590806903e+00
 -3.4709646894926971e+00
  3.0306507987112994e+00
 9.9999999999999997e+34
 9.9999999999999997e+34
94 0
  4.2618499622968109e-01
  4.2402360375226635e+00
 -5.9703492447595803e+00
  6.5352874605615092e+00
  3.1828220156872753e+00
 -2.0525784474111060e+00
 9.9999999999999997e+34
 9.9999999999999997e+34
95 0
 -9.4181875788691389e+00
 -4.3115916728561707e+00
  8.9837175602948847e+00
  3.2696529632758597e+00
  9.5526365468057968e+00
  5.6480266645774435e-01
 9.9999999999999997e+34
 9.9999999999999997e+34
96 0
 -4.3169253758699284e+00
  3.4626808266447302e+00
  8.6550687945704396e-01
  6.5008760693021479e+00
 -2.2816265338480601e+00
 -6.8413738239749211e+00
 9.9999999999999997e+34
 9.9999999999999997e+34
97 0
  2.1463836506690743e+00
 -7.9256988772776440e+00
  4.2047056715026070e+00
 -8.5896747925270702e+00
  3.5661395236692108e+00
  9.0333468369363565e+00
 9.9999999999999997e+34
 9.9999999999999997e+34
98 0
 -1.9998865630477134e+00
  7.2442536415738310e+00
 -5.1644471824003606e+00
  5.0766292936525446e+00
  4.0625871038355790e+00
  4.3960542485099534e+00
 9.9999999999999997e+34
 9.9999999999999997e+34
99 0
  9.5549103708727792e+00
  8.4496064383767582e+00
 -5.5408458111532246e+00
  7.5347090314769680e+00
 -9.8587661142734646e+00
  6.1281454638243389e+00
 9.9999999999999997e+34
 9.9999999999999997e+34
100 0
  7.4520273867305491e+00
  2.9952033902496211e-01
 -7.8885708366933143e+00
  5.1745498064786908e+00
  2.5660155865205514e+00
 -2.4141449818453502e+00
 9.9999999999999997e+34
 9.9999999999999997e+34
PSUADE_IO
PSUADE
INPUT
   dimension = 6
   variable 1 Rosenbrock.x1  =  -1.0000000000000000e+01   1.0000000000000000e+01
   variable 2 Rosenbrock.x2  =  -1.0000000000000000e+01   1.0000000000000000e+01
   variable 3 Rosenbrock.x3  =  -1.0000000000000000e+01   1.0000000000000000e+01
   variable 4 Rosenbrock.x4  =  -1.0000000000000000e+01   1.0000000000000000e+01
   variable 5 Rosenbrock.x5  =  -1.0000000000000000e+01   1.0000000000000000e+01
   variable 6 Rosenbrock.x6  =  -1.0000000000000000e+01   1.0000000000000000e+01
END
OUTPUT
   dimension = 2
   variable 1 graph.error
   variable 2 Rosenbrock.f
END
METHOD
   sampling = MC
   num_samples = 100
   num_replications = 1
   num_refinements = 0
   refinement_size = 10000000
   reference_num_refinements = 0
END
APPLICATION
   driver = NONE
   opt_driver = NONE
   ensemble_opt_driver = NONE
   aux_opt_driver = NONE
   max_job_wait_time = 1000000
   save_frequency = 1
END
ANALYSIS
   analyzer output_id  = 1
   analyzer rstype = MARS
   analyzer threshold = 1.000000e+00
   diagnostics 1
END
END
