PSUADE_IO (Note : inputs not true inputs if pdf ~=U)
4 2 500
1 0
 -1.4101393946493683e+00
 -2.2648605482023489e+00
 -1.8037937915901630e+00
 -9.4534491465675874e+00
  9.9999999999999997e+34
  9.9999999999999997e+34
2 0
 -9.8595213516892493e+00
  2.0351173877879596e+00
 -5.1838403265848010e+00
  5.8178771174596040e+00
  9.9999999999999997e+34
  9.9999999999999997e+34
3 0
  2.2353236061685351e+00
 -2.9568589445933977e+00
  8.0349968085228447e+00
  8.3566084775871659e+00
  9.9999999999999997e+34
  9.9999999999999997e+34
4 0
  9.0525035928247988e+00
 -5.3019612540034391e+00
  7.8734849476597653e+00
  9.5284729262480852e+00
  9.9999999999999997e+34
  9.9999999999999997e+34
5 0
  8.8729233475741580e+00
 -5.4407005270201250e+00
 -7.4653943709402322e+00
  7.6032277744278431e+00
  9.9999999999999997e+34
  9.9999999999999997e+34
6 0
 -7.0037784553150573e-01
 -4.8066894685880701e+00
  9.6737444492400364e+00
  1.3994930830781787e+00
  9.9999999999999997e+34
  9.9999999999999997e+34
7 0
 -5.7339670302970180e+00
 -2.7465597133834665e+00
 -8.0700751478178780e+00
 -1.6008698621768822e+00
  9.9999999999999997e+34
  9.9999999999999997e+34
8 0
  4.6709071447471651e+00
  8.5344104648262302e+00
  2.8984838411670566e+00
 -5.3409086891174820e+00
  9.9999999999999997e+34
  9.9999999999999997e+34
9 0
 -2.4145576788180314e+00
 -5.4411436223616558e+00
 -1.1568590957470519e+00
  3.7612916453561240e-01
  9.9999999999999997e+34
  9.9999999999999997e+34
10 0
  1.4615298488463875e+00
  3.6595538880953349e+00
  5.4094986968718004e+00
 -2.6589489321498894e+00
  9.9999999999999997e+34
  9.9999999999999997e+34
11 0
  4.1658107816082470e+00
 -3.6443758633194374e+00
  5.6500435600290277e+00
 -9.8138328175124858e+00
  9.9999999999999997e+34
  9.9999999999999997e+34
12 0
 -9.3621811454008252e+00
 -2.9711119378782413e-01
 -5.8849807064444670e+00
 -4.5651391775184962e+00
  9.9999999999999997e+34
  9.9999999999999997e+34
13 0
  8.9505525207848073e+00
 -9.9930561613259172e+00
 -5.4949704722943578e+00
  4.7077621122392639e+00
  9.9999999999999997e+34
  9.9999999999999997e+34
14 0
 -6.8638896741270505e+00
 -7.7537908767134844e+00
 -9.1324431258870487e+00
  7.5049806933407588e+00
  9.9999999999999997e+34
  9.9999999999999997e+34
15 0
 -6.2527189106925949e+00
  1.4843426512015707e+00
  3.5085478581062279e+00
  5.0421903166185089e+00
  9.9999999999999997e+34
  9.9999999999999997e+34
16 0
  8.7059946631574974e+00
  2.1232479680903467e+00
 -2.2795183175613722e+00
 -5.7137069644935927e+00
  9.9999999999999997e+34
  9.9999999999999997e+34
17 0
 -1.3038685085735580e-01
 -2.0327883642319531e+00
 -9.7611379901697575e+00
 -3.6373176768595901e+00
  9.9999999999999997e+34
  9.9999999999999997e+34
18 0
  6.0241157729290968e+00
  8.9361349022649854e+00
 -1.2714962806885577e+00
  2.9496909086358230e+00
  9.9999999999999997e+34
  9.9999999999999997e+34
19 0
 -6.2929270119839007e+00
 -3.8389894430707159e+00
 -5.7725670727773419e+00
 -9.4669164621582791e+00
  9.9999999999999997e+34
  9.9999999999999997e+34
20 0
  4.8210473148250248e+00
  2.4657304922424856e+00
  9.9649334046826397e+00
 -5.7071219550944505e+00
  9.9999999999999997e+34
  9.9999999999999997e+34
21 0
  5.6414716204821467e+00
  1.3982875139444531e+00
 -3.8148266979562244e+00
  3.7341827870040127e+00
  9.9999999999999997e+34
  9.9999999999999997e+34
22 0
 -9.6371391600170817e+00
 -8.9633847116322194e+00
 -8.6735114029950999e-01
 -5.2059265948859634e+00
  9.9999999999999997e+34
  9.9999999999999997e+34
23 0
  3.9581115888236607e+00
  5.0262310425873054e+00
  1.0431006695344571e+00
  9.9323394614888088e+00
  9.9999999999999997e+34
  9.9999999999999997e+34
24 0
 -3.1677413886262764e+00
  1.8730495366608029e+00
  6.0535528306167343e+00
 -7.8657515057668794e+00
  9.9999999999999997e+34
  9.9999999999999997e+34
25 0
 -5.0693099829691040e+00
 -5.9149503781995509e+00
 -1.9114144388173777e+00
 -4.6428106886534071e+00
  9.9999999999999997e+34
  9.9999999999999997e+34
26 0
  7.3505295893878362e+00
 -8.5871353366352317e+00
 -6.8112941723369502e+00
 -2.6746797061873036e+00
  9.9999999999999997e+34
  9.9999999999999997e+34
27 0
  9.9705578014117471e+00
 -7.7263777645893228e-01
  1.1578607704294193e+00
 -9.5418138147992142e+00
  9.9999999999999997e+34
  9.9999999999999997e+34
28 0
  6.3008377125024957e+00
 -9.3852654608829233e-01
 -8.5230814938075294e+00
  5.8057822267551824e+00
  9.9999999999999997e+34
  9.9999999999999997e+34
29 0
 -4.5074572295450874e+00
  8.6900038172910001e+00
 -7.0759398849103317e+00
 -6.1225354001496619e+00
  9.9999999999999997e+34
  9.9999999999999997e+34
30 0
 -9.9017324018765862e+00
 -1.4454830304931310e+00
  7.7515360423138056e+00
 -8.9377431007743553e+00
  9.9999999999999997e+34
  9.9999999999999997e+34
31 0
 -1.9270093142646409e+00
 -4.8118337964694167e+00
  2.1632433832451898e+00
 -1.9342791251532159e+00
  9.9999999999999997e+34
  9.9999999999999997e+34
32 0
  6.3885611930808786e+00
  5.4614394975180929e+00
  7.8504789517496150e+00
  4.0397444339654154e+00
  9.9999999999999997e+34
  9.9999999999999997e+34
33 0
  1.0210901736380009e+00
 -9.5393559241384995e+00
 -7.2766601374729820e+00
  1.5427351982997433e+00
  9.9999999999999997e+34
  9.9999999999999997e+34
34 0
 -1.4151802153397259e+00
 -6.6441483128090155e+00
 -2.9678276427871673e+00
  4.6887967291701571e-01
  9.9999999999999997e+34
  9.9999999999999997e+34
35 0
 -8.8128465408519130e+00
  6.8992701065257513e+00
  4.8370034689255998e+00
 -7.8563631502242588e+00
  9.9999999999999997e+34
  9.9999999999999997e+34
36 0
  7.5565880618787311e+00
 -7.1657999917705517e-01
 -6.4469747321898927e+00
  3.5160504996385651e+00
  9.9999999999999997e+34
  9.9999999999999997e+34
37 0
 -9.3235994127223272e+00
  2.7378664597579583e+00
  3.9642824483869035e+00
  3.8545940601521149e+00
  9.9999999999999997e+34
  9.9999999999999997e+34
38 0
 -3.7555348611229711e-01
 -7.8856739717934587e-01
 -5.8058126623769351e+00
  5.7682834732198547e+00
  9.9999999999999997e+34
  9.9999999999999997e+34
39 0
 -8.3308935157632895e+00
 -7.1399954972509274e+00
 -2.8890867963848113e+00
 -2.6584390609797275e+00
  9.9999999999999997e+34
  9.9999999999999997e+34
40 0
  9.6624437252350361e+00
  1.3722530712244350e+00
 -2.7770608816189046e+00
  4.1394284619667694e+00
  9.9999999999999997e+34
  9.9999999999999997e+34
41 0
  2.8732180096549982e+00
 -8.9839792619384724e+00
 -1.5077949042933980e-01
 -1.3498909172368663e+00
  9.9999999999999997e+34
  9.9999999999999997e+34
42 0
  8.5559374226983387e-01
  6.6400409287959548e+00
  4.6508215156620469e+00
  5.5269214816051182e-01
  9.9999999999999997e+34
  9.9999999999999997e+34
43 0
  8.7145279993836446e+00
 -1.6757675407807184e+00
  2.8813923862210444e+00
  6.9992002365175630e+00
  9.9999999999999997e+34
  9.9999999999999997e+34
44 0
  9.2953652047064921e+00
 -8.2212618171336409e+00
  5.6837937308865563e+00
  9.0533887963059314e+00
  9.9999999999999997e+34
  9.9999999999999997e+34
45 0
  4.5598956451564536e+00
  7.1621904602098212e+00
 -9.7645797672516572e+00
  9.3925561380537950e+00
  9.9999999999999997e+34
  9.9999999999999997e+34
46 0
  6.2395415903253202e+00
  1.7053047435848523e+00
 -7.3443203313948215e+00
  1.5746064910546913e+00
  9.9999999999999997e+34
  9.9999999999999997e+34
47 0
 -7.7285393223765020e+00
  7.0303298100039058e-01
 -7.9481198070329242e+00
  4.9116934253422979e+00
  9.9999999999999997e+34
  9.9999999999999997e+34
48 0
  4.0134817613351537e+00
  9.5051105876942685e+00
 -7.0693542049589357e+00
  6.2033398524873604e+00
  9.9999999999999997e+34
  9.9999999999999997e+34
49 0
 -5.0741679757247535e+00
 -5.5705755835262014e+00
 -2.5648669211961641e+00
 -1.1637345567176745e+00
  9.9999999999999997e+34
  9.9999999999999997e+34
50 0
  8.1221017046468802e+00
  5.8969277217504228e+00
 -4.0834589181856531e+00
 -8.2267167597202189e+00
  9.9999999999999997e+34
  9.9999999999999997e+34
51 0
  6.2014040705754461e+00
  7.3971653717556798e+00
 -8.2186249076475502e+00
  4.8585541708667552e+00
  9.9999999999999997e+34
  9.9999999999999997e+34
52 0
  7.4611295375326314e+00
 -9.6449814362660895e+00
 -1.2306838814312044e+00
 -9.2439503871109103e+00
  9.9999999999999997e+34
  9.9999999999999997e+34
53 0
 -8.4218184642595322e+00
  4.3266643790186521e-02
 -7.1495812838662332e+00
 -3.3911635416518724e+00
  9.9999999999999997e+34
  9.9999999999999997e+34
54 0
 -1.2933506170722353e-01
 -4.7023164363123087e+00
 -1.0027025504981637e+00
  8.6798398004285247e+00
  9.9999999999999997e+34
  9.9999999999999997e+34
55 0
  8.7560648372192240e+00
 -9.0068666259790149e+00
  9.5976620631281584e+00
 -2.3740156052513122e+00
  9.9999999999999997e+34
  9.9999999999999997e+34
56 0
  6.2435212527604413e+00
 -1.5200939083099811e+00
 -6.6156628060227547e+00
 -6.4489879442606997e+00
  9.9999999999999997e+34
  9.9999999999999997e+34
57 0
 -1.4378363040452058e+00
 -2.9882781640571912e+00
 -7.0283714109232509e+00
 -3.5848552424390121e+00
  9.9999999999999997e+34
  9.9999999999999997e+34
58 0
  8.3678190123139977e+00
  2.1191417575437299e+00
 -5.3412626382621298e+00
  2.7756431851422629e+00
  9.9999999999999997e+34
  9.9999999999999997e+34
59 0
 -9.1516380706576861e-01
 -2.3460268566133582e+00
  3.6799020942672627e+00
  3.6408038128357401e+00
  9.9999999999999997e+34
  9.9999999999999997e+34
60 0
  5.0904244999822339e+00
  6.9500231216428787e-02
 -8.2932102299729404e+00
 -4.6135587127011082e+00
  9.9999999999999997e+34
  9.9999999999999997e+34
61 0
 -9.7136777079262195e+00
 -5.4718226359560260e+00
 -5.8981244014101719e-01
  4.9029655823963516e+00
  9.9999999999999997e+34
  9.9999999999999997e+34
62 0
 -1.4192834642805554e+00
  4.5640279886145265e+00
 -6.3019334693913969e+00
 -8.7287609086971543e+00
  9.9999999999999997e+34
  9.9999999999999997e+34
63 0
 -9.9677601456492031e+00
  2.8778549250577825e+00
  7.3997313330880061e+00
  9.9258997663510513e+00
  9.9999999999999997e+34
  9.9999999999999997e+34
64 0
 -3.7437608343287190e+00
 -9.7425882889621835e+00
  2.9942626939128445e+00
 -3.7371721182657280e+00
  9.9999999999999997e+34
  9.9999999999999997e+34
65 0
 -5.4945357635126157e-01
  3.9700715681398613e+00
  2.3437564318737731e+00
  1.4989496634802553e+00
  9.9999999999999997e+34
  9.9999999999999997e+34
66 0
  2.0057715531465465e+00
  8.9512135409522919e-01
 -9.2065813481838354e+00
  1.9046995937380462e+00
  9.9999999999999997e+34
  9.9999999999999997e+34
67 0
  6.3676348777337175e+00
 -5.3261628632089879e+00
 -6.8502110600705315e+00
  6.3847375830564381e+00
  9.9999999999999997e+34
  9.9999999999999997e+34
68 0
 -5.8322340044343068e+00
  9.2003965467216418e+00
  4.8677493514808585e+00
 -5.2709584381761765e+00
  9.9999999999999997e+34
  9.9999999999999997e+34
69 0
  4.6331397046489364e+00
  2.7797962784673089e+00
  6.4203549346050046e+00
  8.9306989120928080e+00
  9.9999999999999997e+34
  9.9999999999999997e+34
70 0
 -3.8114206743479802e+00
 -9.3429863077322892e+00
 -3.3567926908642018e+00
 -6.9959011008012579e+00
  9.9999999999999997e+34
  9.9999999999999997e+34
71 0
  7.7621873923401310e+00
  8.4499703899258591e+00
 -5.1413133717800088e+00
  7.2258206350849079e+00
  9.9999999999999997e+34
  9.9999999999999997e+34
72 0
  7.2030557865291165e+00
 -9.4471557715195953e+00
 -2.7570027544894273e+00
  1.5059017350458994e+00
  9.9999999999999997e+34
  9.9999999999999997e+34
73 0
  2.1322941650321212e+00
 -4.3556359477134592e+00
  7.6549286663788045e+00
 -4.3251390542486403e+00
  9.9999999999999997e+34
  9.9999999999999997e+34
74 0
  9.4410689545055249e+00
 -7.5946303911482129e+00
 -7.8275258922146289e+00
 -1.5298888886020929e+00
  9.9999999999999997e+34
  9.9999999999999997e+34
75 0
  6.4662575705285441e+00
  9.2239994924627240e+00
 -6.3337437046383247e+00
 -6.9687828873138802e+00
  9.9999999999999997e+34
  9.9999999999999997e+34
76 0
 -8.8897094637573204e-01
  7.1693035667619220e+00
  3.3580717506623241e+00
  7.1722204504405269e+00
  9.9999999999999997e+34
  9.9999999999999997e+34
77 0
  6.1427149996826031e+00
  7.8015171446844569e+00
  5.7694725393175474e+00
 -8.1627631272015915e+00
  9.9999999999999997e+34
  9.9999999999999997e+34
78 0
 -5.4360571575518959e+00
  1.4335535240515860e+00
 -2.3749309556441993e+00
  6.5069498850530714e+00
  9.9999999999999997e+34
  9.9999999999999997e+34
79 0
 -9.7844676393011909e+00
  1.9603118356132470e+00
  4.9674089229513925e+00
 -5.1811896754341191e-01
  9.9999999999999997e+34
  9.9999999999999997e+34
80 0
 -6.3857184333660264e+00
 -9.9712744913861506e+00
  2.4682750890349396e+00
  7.0188716971403338e+00
  9.9999999999999997e+34
  9.9999999999999997e+34
81 0
  5.8987145758693629e+00
 -2.8576479632675866e+00
  9.9012077040510285e+00
 -6.2765231431818211e+00
  9.9999999999999997e+34
  9.9999999999999997e+34
82 0
 -3.0982363471287480e+00
  8.9281593816951670e+00
  5.3891868402199741e+00
  4.6514472061076422e+00
  9.9999999999999997e+34
  9.9999999999999997e+34
83 0
 -5.7412041983293385e+00
 -2.4209079111092286e+00
  5.5362365746573712e+00
 -7.0073842802119373e+00
  9.9999999999999997e+34
  9.9999999999999997e+34
84 0
 -6.4331386314859333e+00
  6.5423593095235333e+00
 -2.4749426229274558e+00
 -8.5969620750271538e+00
  9.9999999999999997e+34
  9.9999999999999997e+34
85 0
 -1.2663474079530452e+00
 -3.5448079991828685e+00
 -5.6214120498026778e+00
  1.4666888171186159e+00
  9.9999999999999997e+34
  9.9999999999999997e+34
86 0
  8.6905995098364528e+00
 -4.2271293672859347e+00
 -2.7947460547065104e+00
 -6.1562584508938052e+00
  9.9999999999999997e+34
  9.9999999999999997e+34
87 0
  7.0101630673791107e+00
  9.7376566891268013e-01
 -2.9064561300475411e+00
  9.4679342161249025e-01
  9.9999999999999997e+34
  9.9999999999999997e+34
88 0
 -9.3666132909090329e+00
 -3.2324001813458283e+00
 -3.4656009978920217e+00
  9.4416423884414336e+00
  9.9999999999999997e+34
  9.9999999999999997e+34
89 0
  2.1608260004598812e-01
  7.6153995178711611e+00
 -4.2093781541145301e+00
  6.0861570369853446e+00
  9.9999999999999997e+34
  9.9999999999999997e+34
90 0
 -7.9269217317583607e+00
 -4.0972524201950300e+00
  7.8964725406358340e+00
  1.4691913833232562e+00
  9.9999999999999997e+34
  9.9999999999999997e+34
91 0
  5.9623116142872306e+00
  8.1820742311803976e+00
 -6.2440193054471251e+00
  5.2151917457651304e+00
  9.9999999999999997e+34
  9.9999999999999997e+34
92 0
  7.2208375563942049e+00
 -1.7544423703823497e-01
 -2.2993136347733962e+00
  6.9982531280248672e+00
  9.9999999999999997e+34
  9.9999999999999997e+34
93 0
 -7.2625906938978435e+00
 -6.6608212872691555e+00
 -6.0081056812815881e-01
 -9.4002673120239137e+00
  9.9999999999999997e+34
  9.9999999999999997e+34
94 0
  6.8611337369592462e-01
 -1.5828219761991988e+00
 -6.5153686825723156e-01
  2.5981936103655929e+00
  9.9999999999999997e+34
  9.9999999999999997e+34
95 0
 -5.7812405730510319e+00
 -5.8352048023767793e+00
 -1.0136402170237346e+00
 -1.5096928419124769e+00
  9.9999999999999997e+34
  9.9999999999999997e+34
96 0
 -6.9994819383135010e-02
 -5.3120934475735266e+00
 -2.2738835086458753e+00
 -5.6414676530479770e+00
  9.9999999999999997e+34
  9.9999999999999997e+34
97 0
 -3.2729660688307902e+00
 -7.3696332319498215e+00
 -4.7584716578752140e+00
  8.7013973429339941e-01
  9.9999999999999997e+34
  9.9999999999999997e+34
98 0
  1.2340080231586512e+00
  7.3648167482413420e+00
  3.6040366178397321e-01
  6.1681546998061947e+00
  9.9999999999999997e+34
  9.9999999999999997e+34
99 0
  8.1051273542014535e+00
 -3.6338168818661085e+00
  2.9601656519622388e+00
 -2.6158621407187832e+00
  9.9999999999999997e+34
  9.9999999999999997e+34
100 0
 -2.7898579895449140e+00
 -9.6283680804205574e-02
 -9.8526181279926650e+00
  4.7501686470351050e+00
  9.9999999999999997e+34
  9.9999999999999997e+34
101 0
  4.3431572124097286e+00
 -4.0697343619865052e+00
  7.8045732052086727e+00
 -7.3572106553973686e+00
  9.9999999999999997e+34
  9.9999999999999997e+34
102 0
 -6.8388661820622474e+00
 -3.0808391203548950e+00
  6.3367671223062843e+00
  3.4538234181021448e+00
  9.9999999999999997e+34
  9.9999999999999997e+34
103 0
  3.3585426459827179e+00
 -1.3319914002586124e+00
  8.6741733079190233e+00
 -3.4116943522410903e+00
  9.9999999999999997e+34
  9.9999999999999997e+34
104 0
  5.0896004378281550e+00
  4.1871219473830994e+00
 -6.3554736023561444e+00
 -5.6283439489213487e+00
  9.9999999999999997e+34
  9.9999999999999997e+34
105 0
 -8.6813377582846858e+00
 -7.8138053919252926e-01
  1.2385136034519011e+00
 -9.4869155900026279e+00
  9.9999999999999997e+34
  9.9999999999999997e+34
106 0
  6.5344802367195882e+00
  4.5219179776133593e+00
 -7.8417681147538909e+00
  1.3490120374360171e+00
  9.9999999999999997e+34
  9.9999999999999997e+34
107 0
 -5.2851868957677794e+00
 -6.7283964328134420e+00
  5.1222151774550859e+00
 -4.6032176607303397e+00
  9.9999999999999997e+34
  9.9999999999999997e+34
108 0
  5.0154735311006533e+00
 -5.6529370675109964e+00
  2.4121688270998032e+00
 -5.4528121396213791e-01
  9.9999999999999997e+34
  9.9999999999999997e+34
109 0
  9.3889096283302216e+00
  2.8785208719216904e-01
 -3.1061194153065417e+00
  4.2106490089607647e+00
  9.9999999999999997e+34
  9.9999999999999997e+34
110 0
 -6.1219487973125410e+00
 -7.4614669184486697e+00
  8.9506290475607990e+00
 -9.1717402912544745e+00
  9.9999999999999997e+34
  9.9999999999999997e+34
111 0
  3.1157878195474797e+00
  8.4504258904840910e+00
 -5.8208993244082201e+00
  4.8362847021018531e+00
  9.9999999999999997e+34
  9.9999999999999997e+34
112 0
 -9.2929157145754040e+00
  3.3198265607095436e+00
  4.7167823439076457e+00
  1.1053024190968390e+00
  9.9999999999999997e+34
  9.9999999999999997e+34
113 0
 -9.6863778818800839e-01
 -1.2477108981682505e+00
 -6.9972866107697067e+00
 -6.7690699998145316e+00
  9.9999999999999997e+34
  9.9999999999999997e+34
114 0
  1.3232759439029156e+00
 -5.6196520270871240e+00
  4.3894069801966680e+00
 -2.5058609212310330e+00
  9.9999999999999997e+34
  9.9999999999999997e+34
115 0
 -1.0247854939777330e+00
 -6.0811490640422097e+00
 -9.2096232805445908e+00
  8.0555724483242130e-01
  9.9999999999999997e+34
  9.9999999999999997e+34
116 0
  6.5207028559039841e+00
 -4.5464456242259814e+00
  9.8737222421326329e+00
  1.0591817419320275e+00
  9.9999999999999997e+34
  9.9999999999999997e+34
117 0
  9.7189674618276598e+00
 -1.1047213110629102e+00
  2.7142211015868085e+00
  4.0833327239767332e+00
  9.9999999999999997e+34
  9.9999999999999997e+34
118 0
  8.4189368963329763e+00
 -6.5112322552647584e+00
 -2.8496382910989402e+00
  6.2284274940511324e+00
  9.9999999999999997e+34
  9.9999999999999997e+34
119 0
 -7.0916972761469417e+00
  3.2722899752074337e+00
 -7.6665243681830004e+00
  4.0272487206511425e+00
  9.9999999999999997e+34
  9.9999999999999997e+34
120 0
 -8.8529827626668762e+00
 -2.1078397203738986e+00
  4.0847526463143318e+00
  5.5136744657129384e+00
  9.9999999999999997e+34
  9.9999999999999997e+34
121 0
  8.4910561137325402e+00
  1.3577409607161499e+00
 -5.1877653762641200e+00
  4.6849965651915397e+00
  9.9999999999999997e+34
  9.9999999999999997e+34
122 0
  2.5905808213123027e+00
 -2.9779721111887936e+00
  6.4787091298395367e+00
 -6.1655608174230725e+00
  9.9999999999999997e+34
  9.9999999999999997e+34
123 0
 -8.1572099021436699e+00
 -6.1957423930036564e+00
 -3.8711098087351345e+00
  5.4037225504423141e+00
  9.9999999999999997e+34
  9.9999999999999997e+34
124 0
 -9.8891065362324504e+00
 -5.3026322439790849e+00
 -6.6893488525829046e+00
 -6.6699059757729557e+00
  9.9999999999999997e+34
  9.9999999999999997e+34
125 0
  8.6390311730276004e+00
 -7.6677796000930343e-01
 -4.8053846670339739e+00
  6.6001409555786026e+00
  9.9999999999999997e+34
  9.9999999999999997e+34
126 0
  2.8785865441330643e+00
  9.6409411167916588e+00
  1.3948882517381040e+00
  3.6008884076033194e+00
  9.9999999999999997e+34
  9.9999999999999997e+34
127 0
 -3.6437888181040989e-01
 -8.0976445964060932e+00
  6.5291786131119345e-01
 -4.5763765017392011e-01
  9.9999999999999997e+34
  9.9999999999999997e+34
128 0
  3.7863857642684078e+00
 -2.2001466258429758e-01
 -3.1385236946579642e+00
 -7.0154983815809242e+00
  9.9999999999999997e+34
  9.9999999999999997e+34
129 0
 -7.2303245296842995e+00
  9.3961262234468599e+00
 -2.3976179456327191e+00
  6.3536491879977532e+00
  9.9999999999999997e+34
  9.9999999999999997e+34
130 0
 -4.3872776461705953e-02
  2.1379611138896841e+00
  5.6196567302661276e+00
 -3.7844918080533354e+00
  9.9999999999999997e+34
  9.9999999999999997e+34
131 0
 -6.5623647424217157e+00
  3.3909631862263030e+00
  4.9866672768195475e+00
 -4.0690508224391664e-01
  9.9999999999999997e+34
  9.9999999999999997e+34
132 0
  1.5331740824194497e+00
 -7.5588198739843531e+00
  3.8292288332382363e-01
  1.3597507827727817e+00
  9.9999999999999997e+34
  9.9999999999999997e+34
133 0
  9.4418289789193430e+00
 -4.0205771634451004e+00
 -6.2547487561845916e+00
 -4.9101772228768930e+00
  9.9999999999999997e+34
  9.9999999999999997e+34
134 0
 -7.7591549501564145e+00
 -8.0469449041629879e+00
  9.7475346456037535e+00
  7.6740346931265826e+00
  9.9999999999999997e+34
  9.9999999999999997e+34
135 0
  7.4280890251640628e+00
 -7.8833975400232781e-01
  3.4925062551593911e+00
 -1.8758157509732136e+00
  9.9999999999999997e+34
  9.9999999999999997e+34
136 0
 -6.7045864261242496e+00
 -5.2904115548778385e-01
 -4.3120967942811994e+00
 -1.4307542291613089e+00
  9.9999999999999997e+34
  9.9999999999999997e+34
137 0
 -6.8341621695245536e-01
 -5.6864089219301981e+00
 -1.9615464340716358e+00
  6.0547635406510736e+00
  9.9999999999999997e+34
  9.9999999999999997e+34
138 0
  6.0079426486082106e+00
 -4.2008015113886454e+00
  3.7235318001934932e+00
 -7.4663807439926924e+00
  9.9999999999999997e+34
  9.9999999999999997e+34
139 0
 -2.3574221471126302e+00
  2.6356177882457210e-01
 -8.8393609686006620e+00
  7.6191185543402540e-01
  9.9999999999999997e+34
  9.9999999999999997e+34
140 0
  1.4758208540621318e+00
  8.5045982331524606e+00
  2.2201689669024987e+00
 -7.7524362866545271e+00
  9.9999999999999997e+34
  9.9999999999999997e+34
141 0
  7.3620531509453677e+00
 -7.1410492887445951e+00
 -1.4762252110411467e-01
 -8.3051242019539337e+00
  9.9999999999999997e+34
  9.9999999999999997e+34
142 0
  3.7102406535810992e+00
 -2.9401971832570606e+00
  5.1724942192307193e+00
 -5.1863604761596580e+00
  9.9999999999999997e+34
  9.9999999999999997e+34
143 0
 -4.5525876407290760e+00
 -4.8585919918765272e+00
  5.8524249102233092e+00
  8.6553008754995204e+00
  9.9999999999999997e+34
  9.9999999999999997e+34
144 0
 -8.0502153272043060e+00
  7.1131365732816683e+00
  6.3111318444419311e+00
  5.0173391751094432e+00
  9.9999999999999997e+34
  9.9999999999999997e+34
145 0
  3.0636951760685509e+00
  2.3094178886662320e+00
  1.5891968978518616e+00
 -6.8581685316088468e+00
  9.9999999999999997e+34
  9.9999999999999997e+34
146 0
  6.1146350093719732e+00
  8.8610712992311775e+00
 -1.4998502524103277e+00
 -8.7213334807759768e+00
  9.9999999999999997e+34
  9.9999999999999997e+34
147 0
  3.8284425315579611e+00
  4.8408036282476061e+00
 -3.4432944345489584e+00
  8.0858259546038838e+00
  9.9999999999999997e+34
  9.9999999999999997e+34
148 0
 -7.7375007969036238e+00
  8.6463316337421219e+00
  4.9661751533700951e+00
 -6.7568178273536352e+00
  9.9999999999999997e+34
  9.9999999999999997e+34
149 0
  2.5230709428540763e+00
 -3.1432435070831533e+00
 -5.7527538648586507e+00
  6.5368519521024311e+00
  9.9999999999999997e+34
  9.9999999999999997e+34
150 0
 -5.3581674608206953e-02
 -2.6398310403525036e+00
 -6.4434313664415068e+00
 -7.8870539357359775e+00
  9.9999999999999997e+34
  9.9999999999999997e+34
151 0
  5.8477422016895098e+00
 -3.4704699523143798e+00
  4.0276988893876364e-01
  6.1688820441108589e+00
  9.9999999999999997e+34
  9.9999999999999997e+34
152 0
 -5.6202184574772689e+00
  7.6516720362248236e+00
  4.2534327387127231e+00
  2.6333046111433323e+00
  9.9999999999999997e+34
  9.9999999999999997e+34
153 0
  3.1671686531822978e+00
 -3.7991939642462844e+00
  9.1664474639885327e+00
  9.8916137404235158e+00
  9.9999999999999997e+34
  9.9999999999999997e+34
154 0
 -2.2170720771965904e+00
 -4.1036235513648123e+00
 -9.7298201172285808e+00
  6.1391831357680182e+00
  9.9999999999999997e+34
  9.9999999999999997e+34
155 0
  6.3528486789915952e+00
 -8.3889314059116558e+00
 -7.4999129108618536e+00
 -7.5471293681986396e-01
  9.9999999999999997e+34
  9.9999999999999997e+34
156 0
 -2.8730336450380438e+00
  1.3848158071678185e-01
 -3.3711427326179777e+00
  2.5890416012094519e-01
  9.9999999999999997e+34
  9.9999999999999997e+34
157 0
 -6.6395266943795050e-02
 -9.1303090467724530e+00
 -6.8282788138968300e+00
 -3.8896615681655984e+00
  9.9999999999999997e+34
  9.9999999999999997e+34
158 0
 -3.6134021420094200e+00
  2.6105205494028141e+00
  4.5604693258928464e-01
  8.6352928628378045e+00
  9.9999999999999997e+34
  9.9999999999999997e+34
159 0
 -8.3044557544889184e+00
 -1.3416686613772395e+00
 -9.0561189963743640e+00
 -7.9145519239430087e+00
  9.9999999999999997e+34
  9.9999999999999997e+34
160 0
 -6.0964008123131475e+00
 -8.9575968258816729e-01
  6.6859612039690646e+00
 -1.7152302394226346e+00
  9.9999999999999997e+34
  9.9999999999999997e+34
161 0
  6.7450022123497924e+00
 -5.7429829173455893e-01
 -2.9481057231072825e+00
 -5.0364995910956054e+00
  9.9999999999999997e+34
  9.9999999999999997e+34
162 0
 -5.3925969895872274e+00
 -4.9965791474080543e+00
  7.8403381155060323e+00
 -3.3250443978817410e+00
  9.9999999999999997e+34
  9.9999999999999997e+34
163 0
 -9.0287379450298548e+00
 -2.9375940342143148e+00
 -4.4061230190126803e+00
  9.7460799663076543e+00
  9.9999999999999997e+34
  9.9999999999999997e+34
164 0
 -8.6804027709552756e-02
  6.8754328772776923e+00
  2.8214423604409404e+00
  2.5229142571440484e+00
  9.9999999999999997e+34
  9.9999999999999997e+34
165 0
 -5.0981322653117269e+00
  8.5743770555473766e+00
  8.3627077324142363e-01
  3.7706770253231170e+00
  9.9999999999999997e+34
  9.9999999999999997e+34
166 0
  1.5391689592689133e+00
 -8.3370473134969583e+00
 -6.6311007722425739e+00
  4.4833116300792035e+00
  9.9999999999999997e+34
  9.9999999999999997e+34
167 0
  1.4300892089633681e+00
  9.1373770121193374e+00
 -7.3318028810116473e+00
 -8.0911733759991691e+00
  9.9999999999999997e+34
  9.9999999999999997e+34
168 0
  1.3220310636432977e+00
  4.6493249501331313e-01
 -1.0261511108959791e+00
 -5.1219733222955712e+00
  9.9999999999999997e+34
  9.9999999999999997e+34
169 0
  1.0735177393413693e+00
  2.9262802577234126e-02
 -3.4683240640295319e+00
  8.1021090494944268e+00
  9.9999999999999997e+34
  9.9999999999999997e+34
170 0
 -1.3215156697302675e+00
 -4.7533030178180447e-01
  7.8189784278250194e+00
  9.1127344589274060e+00
  9.9999999999999997e+34
  9.9999999999999997e+34
171 0
  9.0849914490641055e+00
 -6.6098221096255916e+00
 -9.0732978000646920e+00
  2.4909213616004777e+00
  9.9999999999999997e+34
  9.9999999999999997e+34
172 0
  8.5208216302659459e+00
 -3.3279103708117752e-01
  1.9405308793953306e+00
 -5.9603217504733808e+00
  9.9999999999999997e+34
  9.9999999999999997e+34
173 0
  4.6585102633845565e+00
  5.7821650876580577e+00
  9.5340055411374216e+00
  9.7648130169905798e+00
  9.9999999999999997e+34
  9.9999999999999997e+34
174 0
  3.6580469616027766e+00
 -4.5618429661550763e+00
  2.7150041902041977e-01
 -8.5289253846411235e+00
  9.9999999999999997e+34
  9.9999999999999997e+34
175 0
  5.5323673484532030e+00
  5.8380453455439056e+00
  5.7409048153743640e+00
  7.3894051170858575e+00
  9.9999999999999997e+34
  9.9999999999999997e+34
176 0
  3.7967286416314217e+00
 -5.2273086762182963e-01
 -6.6856258626494673e+00
  7.5078757933843292e+00
  9.9999999999999997e+34
  9.9999999999999997e+34
177 0
  6.9078492451961395e+00
 -3.6830029793470178e+00
  7.0129849189021556e+00
 -3.5985690232359655e+00
  9.9999999999999997e+34
  9.9999999999999997e+34
178 0
  8.0384247368380528e+00
 -5.7523961624840254e+00
  7.3275353653950326e+00
 -7.7859800578029734e+00
  9.9999999999999997e+34
  9.9999999999999997e+34
179 0
  7.4549372668633893e+00
  5.1357182651458864e+00
  2.1735687703702453e+00
  1.0436635143326889e+00
  9.9999999999999997e+34
  9.9999999999999997e+34
180 0
 -4.6710661168541101e-01
  8.5049081959318897e+00
 -7.9211406865721292e+00
  5.6013302018872135e+00
  9.9999999999999997e+34
  9.9999999999999997e+34
181 0
 -7.1952442252986337e+00
  9.2198508415463607e+00
 -3.1786802565579677e+00
  8.1838308871649446e-02
  9.9999999999999997e+34
  9.9999999999999997e+34
182 0
 -1.0559301874860800e+00
 -4.9655910278510262e+00
 -5.8286166451073331e+00
  7.0509071448123564e+00
  9.9999999999999997e+34
  9.9999999999999997e+34
183 0
 -3.5381715435246806e+00
  6.3430837245393015e+00
  9.6953281572532504e+00
  3.1308210329761827e+00
  9.9999999999999997e+34
  9.9999999999999997e+34
184 0
  7.3475976089702897e+00
 -1.7043299934381295e+00
 -2.7843434516267589e+00
  8.3929170381244802e+00
  9.9999999999999997e+34
  9.9999999999999997e+34
185 0
  7.7197048057428113e+00
  9.0763673694228508e-01
 -8.8395365787854132e+00
  2.9253359757947432e+00
  9.9999999999999997e+34
  9.9999999999999997e+34
186 0
 -4.5321171425898177e+00
  3.2606182495414355e+00
  3.6119664570372301e-01
 -7.7881285491344165e-01
  9.9999999999999997e+34
  9.9999999999999997e+34
187 0
 -1.5250456200563551e+00
 -7.4629948555785210e+00
  4.9395155976244798e+00
 -9.3740261901980393e+00
  9.9999999999999997e+34
  9.9999999999999997e+34
188 0
  3.7311208312078943e+00
 -4.0167753091160101e+00
  7.3912569682073119e+00
  2.9623305951069732e+00
  9.9999999999999997e+34
  9.9999999999999997e+34
189 0
 -6.4709622908713982e-01
  4.2535165484312536e+00
  1.5708993801711575e+00
  7.8370346957058814e+00
  9.9999999999999997e+34
  9.9999999999999997e+34
190 0
  3.1848876332793790e+00
  2.8269426677501492e+00
 -3.8123576966171893e+00
 -1.2973195087617810e+00
  9.9999999999999997e+34
  9.9999999999999997e+34
191 0
 -2.3955250123494887e+00
  9.7768932300512184e+00
 -8.2297862406027438e+00
 -9.1158929742481067e+00
  9.9999999999999997e+34
  9.9999999999999997e+34
192 0
  1.7411691610427482e-01
 -8.7223086220781827e+00
  8.7596149457430528e+00
 -3.8719543739557061e-01
  9.9999999999999997e+34
  9.9999999999999997e+34
193 0
  2.9802045938466684e+00
  7.3718173323999245e+00
  6.0041762869824531e+00
 -6.5723842459602206e+00
  9.9999999999999997e+34
  9.9999999999999997e+34
194 0
 -5.5557052165063503e-01
  1.7271052821199895e+00
 -3.6227447230474761e+00
  7.2447172073855590e+00
  9.9999999999999997e+34
  9.9999999999999997e+34
195 0
  4.3538964886003626e+00
  3.5377643506684180e+00
  8.0665650023457438e+00
  6.2326054350624815e+00
  9.9999999999999997e+34
  9.9999999999999997e+34
196 0
 -8.4434915140473716e+00
  1.0555439121348531e+00
  2.3676915524376980e+00
 -9.5713135411829278e+00
  9.9999999999999997e+34
  9.9999999999999997e+34
197 0
 -1.0273866965562970e+00
  8.8857340202134694e-01
 -4.0216518817570304e+00
  8.5478438150826115e+00
  9.9999999999999997e+34
  9.9999999999999997e+34
198 0
  2.5562084757519088e-01
 -5.9334525726425706e+00
 -6.9166613728351241e+00
  5.8195056281143369e+00
  9.9999999999999997e+34
  9.9999999999999997e+34
199 0
  7.4841121572461518e+00
 -4.9216533056095493e+00
  2.0894686747758957e+00
 -6.2421823834265497e+00
  9.9999999999999997e+34
  9.9999999999999997e+34
200 0
 -2.1273287349042143e+00
  8.4988770068152242e+00
  8.6017020598993170e+00
 -8.8991904998660036e+00
  9.9999999999999997e+34
  9.9999999999999997e+34
201 0
  3.1307116863926474e+00
  3.3425985897623924e+00
 -9.1514320108813383e+00
  4.7506100753092255e+00
  9.9999999999999997e+34
  9.9999999999999997e+34
202 0
 -1.8307262993560762e+00
  5.1153996470921665e+00
 -1.1632359172977687e+00
  7.7819513658908868e-01
  9.9999999999999997e+34
  9.9999999999999997e+34
203 0
  2.6373355056333043e+00
  2.3232081496730483e+00
  6.6785805005014787e+00
  3.7970363040440880e+00
  9.9999999999999997e+34
  9.9999999999999997e+34
204 0
 -7.4253087013146413e+00
 -8.1132841380840564e+00
  7.9697616109483675e+00
 -9.3581964165708964e+00
  9.9999999999999997e+34
  9.9999999999999997e+34
205 0
 -3.6759920481946287e+00
 -6.5670121165770166e+00
 -8.6740855866456812e+00
  9.3030152280363332e+00
  9.9999999999999997e+34
  9.9999999999999997e+34
206 0
  3.0863942918769993e+00
  2.4953758961033898e+00
 -2.2576147561229831e+00
  4.3836573205812179e+00
  9.9999999999999997e+34
  9.9999999999999997e+34
207 0
  8.3278445984832246e+00
 -8.7539897667029827e+00
  2.8099586688028459e+00
 -9.2103094417649825e+00
  9.9999999999999997e+34
  9.9999999999999997e+34
208 0
  2.9101883680141487e+00
  5.0991911138869774e+00
 -8.4625195285596533e-01
  2.7667031030946898e+00
  9.9999999999999997e+34
  9.9999999999999997e+34
209 0
  7.3271693369965867e+00
 -5.0312719843495977e+00
  2.0694340356017626e+00
  9.7158050256389217e+00
  9.9999999999999997e+34
  9.9999999999999997e+34
210 0
 -5.1672988083061284e+00
  1.1130095976931091e+00
  9.4125326254463424e+00
 -7.9352061999660020e+00
  9.9999999999999997e+34
  9.9999999999999997e+34
211 0
  9.1858490180158299e+00
  3.4943390421077325e+00
  7.9058872106978129e-01
 -5.8889447506000030e+00
  9.9999999999999997e+34
  9.9999999999999997e+34
212 0
 -2.3166764678045535e+00
 -2.9904659339182382e+00
  7.8028516461154709e+00
 -9.2436553348059096e+00
  9.9999999999999997e+34
  9.9999999999999997e+34
213 0
  9.7080083376299626e+00
  5.3738535080914644e+00
 -2.4697539361518590e+00
 -7.9906559912444353e+00
  9.9999999999999997e+34
  9.9999999999999997e+34
214 0
  6.1324004624655473e+00
 -1.7010959851094967e+00
 -3.8515632757225839e+00
  1.6064637674048843e+00
  9.9999999999999997e+34
  9.9999999999999997e+34
215 0
 -2.7107747237713884e+00
  9.3719193336423103e+00
  9.6107649801349098e+00
 -8.1462311829189922e+00
  9.9999999999999997e+34
  9.9999999999999997e+34
216 0
 -6.3469266129410489e+00
 -2.9124338985013001e+00
 -7.3322156804298118e+00
 -6.9972997331047893e+00
  9.9999999999999997e+34
  9.9999999999999997e+34
217 0
 -3.8415910647444385e+00
  7.2063408406480853e+00
  9.9380950163761597e+00
 -3.7174963083665338e+00
  9.9999999999999997e+34
  9.9999999999999997e+34
218 0
 -6.6739385280171124e+00
 -8.3638525141234688e-01
 -8.8886622334312015e+00
 -5.9857848128237023e-02
  9.9999999999999997e+34
  9.9999999999999997e+34
219 0
 -3.2534380039449031e+00
  6.0494984062619039e-01
 -8.3627623218869616e+00
  6.0027825254959915e+00
  9.9999999999999997e+34
  9.9999999999999997e+34
220 0
 -3.8805294567162774e+00
 -3.2597559565956500e+00
 -8.3390337919532342e-01
  1.2615429755586867e+00
  9.9999999999999997e+34
  9.9999999999999997e+34
221 0
 -7.7861407109471692e+00
 -4.5683226522842055e+00
  9.2351327646687338e+00
 -3.4941952365889195e+00
  9.9999999999999997e+34
  9.9999999999999997e+34
222 0
 -8.4428850554129511e+00
 -4.6543839269570935e+00
  7.2823786443482987e+00
  5.1705051377278330e+00
  9.9999999999999997e+34
  9.9999999999999997e+34
223 0
  8.6980590031938902e+00
  9.9808080214917680e+00
 -2.1753457897227939e+00
  7.3246126050709819e+00
  9.9999999999999997e+34
  9.9999999999999997e+34
224 0
  5.6933944745424174e+00
 -5.2207775764264062e+00
 -2.9482811842804226e+00
  2.9976921123441755e+00
  9.9999999999999997e+34
  9.9999999999999997e+34
225 0
  4.2054182543444529e+00
  7.7833666548986749e+00
  1.8097802120306419e+00
  6.8174661681137358e+00
  9.9999999999999997e+34
  9.9999999999999997e+34
226 0
 -2.3101645765407772e+00
 -6.3098537299362256e-01
 -8.7459245783956376e+00
 -9.6514630595461757e+00
  9.9999999999999997e+34
  9.9999999999999997e+34
227 0
  6.9791180440127469e+00
 -2.2168040425594917e+00
  3.6356564954089254e+00
 -7.3453379503196743e+00
  9.9999999999999997e+34
  9.9999999999999997e+34
228 0
 -2.7652168799029742e+00
  5.3866087903206292e+00
 -7.5564258813655130e+00
 -5.1756804507112504e+00
  9.9999999999999997e+34
  9.9999999999999997e+34
229 0
 -4.4157362889571754e+00
 -7.3610880306740700e+00
 -9.4356149339282958e+00
 -5.2100473899441067e+00
  9.9999999999999997e+34
  9.9999999999999997e+34
230 0
  6.4553229773674730e+00
  6.4727301972325577e+00
  1.0478891856260084e+00
  6.6511927343212029e+00
  9.9999999999999997e+34
  9.9999999999999997e+34
231 0
  4.2470487320083450e-01
 -6.9913009260740600e+00
 -4.8702814126714511e+00
  5.5230287721022169e+00
  9.9999999999999997e+34
  9.9999999999999997e+34
232 0
 -5.1556252665611098e+00
 -7.2691315586069285e+00
  7.0414218758425768e+00
 -6.6920380930844869e+00
  9.9999999999999997e+34
  9.9999999999999997e+34
233 0
 -8.5867474035298201e+00
  3.1942090267288528e+00
 -4.3845372807162519e+00
  5.8548698555002314e+00
  9.9999999999999997e+34
  9.9999999999999997e+34
234 0
  8.1642196039502615e+00
 -9.7549312746873742e+00
  9.4395638720316626e+00
 -3.1624883474607435e+00
  9.9999999999999997e+34
  9.9999999999999997e+34
235 0
 -2.3369040490765611e+00
 -5.4297024828520151e+00
  9.4551668313588806e+00
  2.7506002703451493e-01
  9.9999999999999997e+34
  9.9999999999999997e+34
236 0
  7.7539873019577890e+00
  1.6580159643935115e+00
 -8.9743019356272651e+00
 -4.4013083420699974e+00
  9.9999999999999997e+34
  9.9999999999999997e+34
237 0
 -6.6631285271901302e+00
  1.2618573900600243e+00
 -3.4738909934991469e-01
 -7.6259902760507501e+00
  9.9999999999999997e+34
  9.9999999999999997e+34
238 0
  6.9787925653992176e+00
 -5.6299656702345082e+00
  7.8779865977717520e+00
  9.8908561467616138e+00
  9.9999999999999997e+34
  9.9999999999999997e+34
239 0
  1.6122734973264272e+00
  2.9695790600821290e+00
  7.4197266983891481e+00
  8.7733846338341870e+00
  9.9999999999999997e+34
  9.9999999999999997e+34
240 0
 -8.2469165875794914e+00
  9.4322191455551518e+00
  5.4687885080784504e+00
  8.0847215084753579e+00
  9.9999999999999997e+34
  9.9999999999999997e+34
241 0
  3.4095618377484200e+00
 -8.4052574440861392e+00
  3.3750124617363380e+00
 -2.2596781757938107e+00
  9.9999999999999997e+34
  9.9999999999999997e+34
242 0
  9.4895784833885628e+00
  6.0334502607739751e+00
  8.7799240363668289e+00
 -6.4117734815980221e-01
  9.9999999999999997e+34
  9.9999999999999997e+34
243 0
  3.3643382849937016e+00
 -8.2867868422934716e+00
 -8.0015957998119269e+00
  4.7771558793155258e+00
  9.9999999999999997e+34
  9.9999999999999997e+34
244 0
 -4.7048033842373655e+00
  7.7636309888975816e+00
  3.8216461398739572e+00
  5.7820682487367048e+00
  9.9999999999999997e+34
  9.9999999999999997e+34
245 0
  3.8049800572008721e+00
 -4.7626423531969273e+00
  1.0705847065293170e+00
  9.3765663492384199e-01
  9.9999999999999997e+34
  9.9999999999999997e+34
246 0
  7.2547093207271338e+00
 -6.1933396366393847e+00
  6.3513682951924224e+00
  9.7896311617408074e+00
  9.9999999999999997e+34
  9.9999999999999997e+34
247 0
 -9.2487520069110918e+00
 -5.4283500627746575e+00
 -9.4801997670345948e+00
 -3.8215896737862334e+00
  9.9999999999999997e+34
  9.9999999999999997e+34
248 0
 -4.6085388560819149e+00
  3.3158394663202770e+00
 -1.2808420095969186e+00
 -2.0774098821344831e+00
  9.9999999999999997e+34
  9.9999999999999997e+34
249 0
  5.7099055013199838e+00
  7.8666207463790769e+00
  4.2005265477115863e+00
  6.5740346473520717e-01
  9.9999999999999997e+34
  9.9999999999999997e+34
250 0
  1.1943521402749937e+00
 -1.4775793866615654e+00
 -8.2740089102992833e+00
 -1.4181313344361861e+00
  9.9999999999999997e+34
  9.9999999999999997e+34
251 0
 -6.7847176626253489e+00
 -5.8830702844462683e+00
  4.3874767769069773e+00
  2.4006161989647055e+00
  9.9999999999999997e+34
  9.9999999999999997e+34
252 0
  5.6666471882102307e+00
  4.3586896519915612e+00
 -6.7824158802546641e+00
  3.0311367907706348e+00
  9.9999999999999997e+34
  9.9999999999999997e+34
253 0
  4.2957987190670188e-01
 -6.7486117765068130e+00
  3.0848677703574623e+00
 -6.2015978788033115e+00
  9.9999999999999997e+34
  9.9999999999999997e+34
254 0
  9.3571506810175045e+00
 -4.2850126485736171e+00
  3.8754283887685403e+00
  4.2449737034016177e+00
  9.9999999999999997e+34
  9.9999999999999997e+34
255 0
  9.5047301144826832e+00
 -3.1262012632220060e+00
 -3.9651824692102071e+00
  6.1644340661188757e+00
  9.9999999999999997e+34
  9.9999999999999997e+34
256 0
  8.2119306354839026e+00
 -6.5009541420736134e+00
  5.0978004443914635e+00
  6.2444861122614199e+00
  9.9999999999999997e+34
  9.9999999999999997e+34
257 0
  9.0204196698127390e+00
 -7.0669698794684237e+00
  8.6537825309921921e+00
  6.4430703671849656e+00
  9.9999999999999997e+34
  9.9999999999999997e+34
258 0
  2.2063131920091550e-01
  6.1103622923187828e-01
 -3.7992052518758950e+00
  5.3192967247773399e+00
  9.9999999999999997e+34
  9.9999999999999997e+34
259 0
 -6.4484922012540009e+00
 -7.2994689258278669e+00
 -7.0540687567806160e-01
 -1.1735340120147697e-01
  9.9999999999999997e+34
  9.9999999999999997e+34
260 0
 -5.4877164473234288e+00
  5.8404965819048194e-01
 -8.2800860881247029e+00
 -8.4083515025714188e+00
  9.9999999999999997e+34
  9.9999999999999997e+34
261 0
 -9.9315828084627089e+00
 -6.4198780788201271e+00
 -7.8899399367579912e+00
  1.8316949679663850e+00
  9.9999999999999997e+34
  9.9999999999999997e+34
262 0
  8.2740510805854797e+00
 -9.3614953567094616e+00
 -9.9991909740488794e-01
 -5.9065328146827092e+00
  9.9999999999999997e+34
  9.9999999999999997e+34
263 0
  4.3005202125294684e+00
  4.9372373637450906e-01
  1.7868941239020302e+00
  6.1244542785568399e+00
  9.9999999999999997e+34
  9.9999999999999997e+34
264 0
 -3.1322172391844028e-01
  5.9785370137442548e+00
  5.7315887304635655e+00
 -7.0564420414420042e+00
  9.9999999999999997e+34
  9.9999999999999997e+34
265 0
 -5.5517539081870364e+00
  5.0407250574979585e+00
  9.9348845332557723e+00
 -4.0008260095495851e+00
  9.9999999999999997e+34
  9.9999999999999997e+34
266 0
  7.6055052492793216e+00
  3.6446205683260313e+00
 -2.4408101441528700e+00
  5.5569501852416199e+00
  9.9999999999999997e+34
  9.9999999999999997e+34
267 0
 -6.5111460054810841e+00
  2.8632408626672063e+00
  4.4704654228270364e+00
 -3.9757911460361406e+00
  9.9999999999999997e+34
  9.9999999999999997e+34
268 0
  2.5798555335867484e+00
 -6.0619176812758280e+00
  6.6041363759916933e+00
 -5.1878736704531470e+00
  9.9999999999999997e+34
  9.9999999999999997e+34
269 0
  8.0852788491571701e+00
 -5.0057020387638831e+00
 -3.6575826786726626e+00
  4.6261903991113371e+00
  9.9999999999999997e+34
  9.9999999999999997e+34
270 0
  8.0504494151335457e+00
  7.6574306644766743e+00
  1.8651221747813373e+00
  4.0531781381243732e+00
  9.9999999999999997e+34
  9.9999999999999997e+34
271 0
  2.2298193221119327e+00
 -9.3991242905143295e+00
 -2.4175779393024648e+00
 -5.1046730182621038e+00
  9.9999999999999997e+34
  9.9999999999999997e+34
272 0
  5.6467697469735363e+00
  1.3315320905910504e+00
  8.3818268675272449e+00
  9.5306709220310069e+00
  9.9999999999999997e+34
  9.9999999999999997e+34
273 0
  6.5926903936046592e+00
  3.1891322476738750e+00
  1.4067182929286339e+00
  3.4102328463505174e+00
  9.9999999999999997e+34
  9.9999999999999997e+34
274 0
 -2.1796058640720348e+00
 -6.4559138829148903e+00
  5.4229252298469319e+00
 -5.4626387709112088e+00
  9.9999999999999997e+34
  9.9999999999999997e+34
275 0
  1.3189776294487423e+00
  7.6782767650104482e+00
 -3.6278448689858633e+00
  3.7868282263105861e+00
  9.9999999999999997e+34
  9.9999999999999997e+34
276 0
  8.3332612543987423e+00
  2.0045614391586568e+00
  7.7610560775553132e+00
  4.1810297566377681e+00
  9.9999999999999997e+34
  9.9999999999999997e+34
277 0
 -6.6790463899630481e-01
  3.6368634615265130e+00
 -9.3832190238792546e+00
 -7.1751977303881187e+00
  9.9999999999999997e+34
  9.9999999999999997e+34
278 0
  2.1758836238532808e-01
 -6.0343703609119963e+00
 -1.0965594421590481e+00
 -7.3758000961392192e+00
  9.9999999999999997e+34
  9.9999999999999997e+34
279 0
  2.7376445442147777e+00
  2.3579103836593731e+00
  7.4094371671832349e+00
 -2.9024040293425335e+00
  9.9999999999999997e+34
  9.9999999999999997e+34
280 0
 -3.3231664417885085e+00
 -6.9545524739448688e+00
 -9.7653417753825629e+00
 -5.2889857931477025e-01
  9.9999999999999997e+34
  9.9999999999999997e+34
281 0
  1.3185652118728335e+00
  9.9491150397570429e+00
  9.5529840884511295e+00
  8.6974425235285615e+00
  9.9999999999999997e+34
  9.9999999999999997e+34
282 0
  4.3475799515599292e+00
  6.9739306983416576e+00
 -5.7174791003193146e+00
  6.4401851531305176e-01
  9.9999999999999997e+34
  9.9999999999999997e+34
283 0
  3.8949807239207352e+00
  2.1090597156943112e+00
 -8.0041390182469687e+00
 -7.5964202813787480e+00
  9.9999999999999997e+34
  9.9999999999999997e+34
284 0
 -7.8199532431643242e+00
  1.6813896743959695e+00
 -9.0661727260175038e+00
 -2.3319250123258328e+00
  9.9999999999999997e+34
  9.9999999999999997e+34
285 0
 -1.5310793796233266e+00
 -1.7651476113894713e+00
 -4.5948497553332013e+00
  1.1351158521767317e+00
  9.9999999999999997e+34
  9.9999999999999997e+34
286 0
 -6.8979610208878110e+00
 -7.3545661649455152e+00
 -3.5846694808381931e+00
  3.3654568266894103e-01
  9.9999999999999997e+34
  9.9999999999999997e+34
287 0
  2.6883109345512057e+00
  7.7358996485061482e+00
 -7.6361547725443657e-01
 -4.1355993198862295e+00
  9.9999999999999997e+34
  9.9999999999999997e+34
288 0
 -6.9942555469434033e+00
 -2.0804543104397393e+00
  4.4506711486962942e+00
  2.1133427564582519e+00
  9.9999999999999997e+34
  9.9999999999999997e+34
289 0
 -5.5835369860676751e+00
  1.5383436770822598e+00
  1.7854384108378731e+00
  1.7897272025187050e-01
  9.9999999999999997e+34
  9.9999999999999997e+34
290 0
  2.9949002307815942e+00
 -6.1969159898333794e+00
  9.0583090479757225e+00
 -6.9101595305419341e+00
  9.9999999999999997e+34
  9.9999999999999997e+34
291 0
  3.4569114136774619e+00
  8.5410724480362035e+00
 -2.4009733518590091e+00
 -1.0271608042657192e+00
  9.9999999999999997e+34
  9.9999999999999997e+34
292 0
 -6.3229327911152193e+00
 -3.7646191351882274e+00
 -8.5902744152537895e+00
  5.8241328670755639e+00
  9.9999999999999997e+34
  9.9999999999999997e+34
293 0
 -2.2302620542376594e+00
  6.8826297795784797e-01
  9.3664424584090895e+00
 -5.0549789588223115e+00
  9.9999999999999997e+34
  9.9999999999999997e+34
294 0
  9.9640690721404148e+00
 -4.8897560382679828e+00
  9.9997278954832467e+00
  6.3921974116899989e+00
  9.9999999999999997e+34
  9.9999999999999997e+34
295 0
 -8.1768688830439320e+00
 -5.1268577180462227e+00
 -3.3903834891460782e-01
 -1.2929669168279361e+00
  9.9999999999999997e+34
  9.9999999999999997e+34
296 0
  7.9220555340508234e+00
  9.1496113311264722e+00
 -1.7438661734312149e+00
  2.8305849027031034e+00
  9.9999999999999997e+34
  9.9999999999999997e+34
297 0
  4.0127067379712678e-01
  6.1960527236555052e-01
  3.7550177768594661e+00
 -2.0020151846120200e+00
  9.9999999999999997e+34
  9.9999999999999997e+34
298 0
  8.6254859523035066e+00
  9.9105866066695150e+00
  7.8301330552576722e+00
 -9.2794790301842056e+00
  9.9999999999999997e+34
  9.9999999999999997e+34
299 0
  2.0783419311411411e+00
  8.8501734188060155e+00
  8.1813849686558306e+00
  9.8883065301404827e+00
  9.9999999999999997e+34
  9.9999999999999997e+34
300 0
  9.1720717396457090e+00
 -4.1651336914697357e+00
  1.4134215616683576e+00
  3.0699986000871267e+00
  9.9999999999999997e+34
  9.9999999999999997e+34
301 0
 -5.6829554753764331e+00
 -2.8095464235216028e-02
 -1.1236003465594724e+00
  3.3023137288644495e+00
  9.9999999999999997e+34
  9.9999999999999997e+34
302 0
  2.9153563608021287e+00
  2.3934005305140182e-01
  5.4405553338306749e+00
  1.7282019144521108e+00
  9.9999999999999997e+34
  9.9999999999999997e+34
303 0
  5.0813050079538051e+00
 -1.3903415908060701e+00
 -8.3635533686557562e+00
 -8.8571104727951422e-01
  9.9999999999999997e+34
  9.9999999999999997e+34
304 0
  5.6285150701312876e+00
 -9.9735269835095508e-01
 -1.0272525395393615e+00
  5.5547435095322975e+00
  9.9999999999999997e+34
  9.9999999999999997e+34
305 0
 -1.0369443386033854e+00
 -3.1269489196720288e+00
  4.0728876339611055e+00
 -7.8735260003588756e+00
  9.9999999999999997e+34
  9.9999999999999997e+34
306 0
  3.0609411155157460e+00
 -2.9891341985152735e+00
  8.0561713679023903e+00
 -7.1919806009121157e+00
  9.9999999999999997e+34
  9.9999999999999997e+34
307 0
 -7.3813038679684064e+00
  9.9089422262781035e+00
 -9.7022111153706021e+00
 -4.7909632673444991e+00
  9.9999999999999997e+34
  9.9999999999999997e+34
308 0
  4.3096272714015207e+00
 -4.9042474454754252e+00
 -2.4090131150600556e+00
  3.4082064840049515e+00
  9.9999999999999997e+34
  9.9999999999999997e+34
309 0
 -4.0015318496159891e+00
 -4.5205767147804501e+00
 -2.4253250157578501e+00
  8.7860752403671150e-01
  9.9999999999999997e+34
  9.9999999999999997e+34
310 0
 -8.5369524725419250e+00
 -1.0747240069670241e+00
 -1.6571556085986803e+00
 -6.4220859186826669e+00
  9.9999999999999997e+34
  9.9999999999999997e+34
311 0
 -4.6250424835016091e-01
 -4.8159130405708694e-01
 -7.2397479588350970e+00
  9.4605580714813229e+00
  9.9999999999999997e+34
  9.9999999999999997e+34
312 0
 -6.0197805874141777e+00
 -3.6671922885194386e+00
 -6.3916510233616695e+00
  1.3542954210910452e+00
  9.9999999999999997e+34
  9.9999999999999997e+34
313 0
 -7.6445901010393120e+00
  7.7042220615335850e+00
 -5.7715721501836423e+00
 -9.7571985794963307e+00
  9.9999999999999997e+34
  9.9999999999999997e+34
314 0
  4.4766391182675136e-01
  1.6986622343299267e+00
  5.7302853584896241e-01
  5.2484014049397807e+00
  9.9999999999999997e+34
  9.9999999999999997e+34
315 0
  6.8374669816519464e+00
  5.2000992489979225e-01
 -4.3764418989310236e+00
  1.7563102728483777e+00
  9.9999999999999997e+34
  9.9999999999999997e+34
316 0
  7.1486493745579622e+00
 -8.1280346299186519e+00
  1.6534143181766439e+00
  4.5259457056065777e+00
  9.9999999999999997e+34
  9.9999999999999997e+34
317 0
 -8.2908664915202497e+00
  4.9706143489901962e+00
 -7.1060183258289555e+00
  3.3368798407432045e+00
  9.9999999999999997e+34
  9.9999999999999997e+34
318 0
 -1.7059772888691995e+00
 -7.3002186125611042e+00
  4.5640903686006045e+00
 -6.3330850360603463e+00
  9.9999999999999997e+34
  9.9999999999999997e+34
319 0
  8.7071872822508212e-01
  1.6451722158329432e+00
 -8.6497090750605370e+00
  3.1358449129088974e+00
  9.9999999999999997e+34
  9.9999999999999997e+34
320 0
 -7.8528525763437393e+00
  2.2181110047819619e+00
 -8.4122499350515429e+00
 -2.0615369882721160e+00
  9.9999999999999997e+34
  9.9999999999999997e+34
321 0
 -5.4282677524854748e+00
  1.2497411068760513e+00
  7.8709287931541567e+00
 -6.6037941428850377e+00
  9.9999999999999997e+34
  9.9999999999999997e+34
322 0
  6.9474749811680390e+00
  3.5839258663281459e+00
 -5.6079533768854812e+00
 -9.6200296932924676e+00
  9.9999999999999997e+34
  9.9999999999999997e+34
323 0
  1.7374193816154353e+00
  4.0664470168140010e+00
 -9.4407701862234479e+00
  9.0555803473366332e+00
  9.9999999999999997e+34
  9.9999999999999997e+34
324 0
  6.3965224225057860e-01
 -7.7108870529154725e+00
 -4.4618367191692059e+00
 -9.2167853886339657e-01
  9.9999999999999997e+34
  9.9999999999999997e+34
325 0
 -8.1906948230185996e+00
  1.4604070836028136e+00
  2.3417303023588509e+00
 -4.6764662837034399e+00
  9.9999999999999997e+34
  9.9999999999999997e+34
326 0
  9.9222008790458531e+00
 -3.2077890882304816e+00
 -9.6714680081566176e+00
 -4.0762699367833655e+00
  9.9999999999999997e+34
  9.9999999999999997e+34
327 0
 -7.5691992219394066e+00
 -9.8142637916907915e-02
 -4.6969289121669391e+00
 -9.0459574754563885e+00
  9.9999999999999997e+34
  9.9999999999999997e+34
328 0
  5.8821727781939188e+00
  8.1220757579999407e+00
 -1.2857317977052798e+00
  3.0420211856449129e+00
  9.9999999999999997e+34
  9.9999999999999997e+34
329 0
 -1.7850941288215552e+00
 -3.7285184551628863e+00
  5.2804173460604531e-01
  5.6358537988904178e+00
  9.9999999999999997e+34
  9.9999999999999997e+34
330 0
 -8.2787071253539573e+00
 -6.9542251233729653e+00
  6.3208408077810141e+00
 -2.2926282753667930e+00
  9.9999999999999997e+34
  9.9999999999999997e+34
331 0
 -3.9630800178102588e+00
  8.3752948317561753e+00
 -6.0408655116524912e-01
  2.6498589816735407e+00
  9.9999999999999997e+34
  9.9999999999999997e+34
332 0
 -1.9557671770247467e+00
 -4.9254442727777379e+00
 -2.1273570377972710e+00
  6.1229858995056645e+00
  9.9999999999999997e+34
  9.9999999999999997e+34
333 0
 -7.5058755173840908e+00
  1.7001691794489364e+00
 -2.1527486816759911e+00
  9.6200704852212553e+00
  9.9999999999999997e+34
  9.9999999999999997e+34
334 0
  5.0960287941135540e-01
 -9.6927115319728436e+00
 -2.2069786359588512e+00
  9.4367038083433670e+00
  9.9999999999999997e+34
  9.9999999999999997e+34
335 0
  8.6896125034846428e+00
  2.2726049890148481e+00
  5.0049825548217548e+00
  9.4300371033279404e+00
  9.9999999999999997e+34
  9.9999999999999997e+34
336 0
  7.3868109739324126e+00
  8.8895302074446967e+00
  7.0210396298305326e+00
 -9.1174186203244236e+00
  9.9999999999999997e+34
  9.9999999999999997e+34
337 0
  2.4972833658090252e+00
  4.0505921626699131e+00
 -8.9829677990558405e+00
  4.1946238345441511e+00
  9.9999999999999997e+34
  9.9999999999999997e+34
338 0
  2.5240564590897669e+00
 -8.3239118933323368e+00
  2.1100812135776970e-01
  3.9693955024561838e+00
  9.9999999999999997e+34
  9.9999999999999997e+34
339 0
  8.7868322705788700e+00
  5.4168797449287389e+00
  2.8696503037911114e-01
  9.4136768111091449e+00
  9.9999999999999997e+34
  9.9999999999999997e+34
340 0
  9.8134852479274777e+00
 -6.5417410975982158e+00
  4.4861598287178950e+00
 -8.8094073062806419e+00
  9.9999999999999997e+34
  9.9999999999999997e+34
341 0
  1.3326537196210850e+00
  8.6683273821456019e-01
  9.3452707861295288e+00
 -9.4676567751298002e-01
  9.9999999999999997e+34
  9.9999999999999997e+34
342 0
  6.6233185756128847e+00
 -1.1266693617807082e+00
 -1.5612515395326767e+00
  2.5387084449356010e+00
  9.9999999999999997e+34
  9.9999999999999997e+34
343 0
 -4.4920321155768042e+00
 -6.0784939285733239e+00
 -4.8232104325775103e+00
 -4.2105212501299203e+00
  9.9999999999999997e+34
  9.9999999999999997e+34
344 0
  3.3398328969906252e+00
 -9.7184075553521510e-01
 -1.1015024367261219e+00
 -3.0809126203325166e+00
  9.9999999999999997e+34
  9.9999999999999997e+34
345 0
  1.8806129004250334e+00
  9.2445764268024710e-01
 -6.2684102432189555e+00
 -3.1195179108155457e-01
  9.9999999999999997e+34
  9.9999999999999997e+34
346 0
 -6.2865034380399170e+00
  1.4068662987122611e+00
  1.3261498191050016e+00
  8.7221965839724049e+00
  9.9999999999999997e+34
  9.9999999999999997e+34
347 0
  4.0930809332491265e+00
 -6.4741028922023727e+00
 -9.7505157812268077e+00
  9.6989119237749435e+00
  9.9999999999999997e+34
  9.9999999999999997e+34
348 0
  2.0543804634615697e+00
  3.4070631085927889e+00
 -1.5444557049984375e+00
 -3.3042601278537234e+00
  9.9999999999999997e+34
  9.9999999999999997e+34
349 0
 -6.9740030900454162e+00
 -6.9938612622180312e+00
  1.7670138421314832e+00
  5.7569396662325332e+00
  9.9999999999999997e+34
  9.9999999999999997e+34
350 0
  7.6143622107870677e+00
 -8.9782652952607123e-01
  4.9135903990425138e+00
  3.5891418687948686e+00
  9.9999999999999997e+34
  9.9999999999999997e+34
351 0
 -7.3027988138156008e+00
  1.2749476876458843e+00
 -5.7465404624801781e+00
  8.2137664352607764e-01
  9.9999999999999997e+34
  9.9999999999999997e+34
352 0
 -7.8741222051317443e+00
 -5.8860099436184399e-01
  7.3286943590867786e+00
 -5.7704797553692382e+00
  9.9999999999999997e+34
  9.9999999999999997e+34
353 0
 -1.0695220395315079e+00
  4.0123932967020171e+00
  6.1011097562038827e+00
  8.0430441107801443e-01
  9.9999999999999997e+34
  9.9999999999999997e+34
354 0
 -3.6407622479092154e+00
  4.4726350598375486e+00
  1.8115233964340405e+00
  1.7895969430867567e+00
  9.9999999999999997e+34
  9.9999999999999997e+34
355 0
  6.8280043065678342e+00
 -8.2273484944493269e+00
 -5.4557127856908894e+00
 -1.5942500585663364e+00
  9.9999999999999997e+34
  9.9999999999999997e+34
356 0
 -9.6305734103687914e+00
  8.4094366796358671e+00
 -3.4506115193714439e+00
 -5.3485111963695431e+00
  9.9999999999999997e+34
  9.9999999999999997e+34
357 0
 -6.8429314982345941e+00
  6.3507883140588142e+00
 -9.3549880754924324e+00
 -9.0571971186703060e-01
  9.9999999999999997e+34
  9.9999999999999997e+34
358 0
 -3.9465179638688070e+00
  3.2420737916799602e+00
 -1.0924811433500068e+00
  3.3583331077165575e+00
  9.9999999999999997e+34
  9.9999999999999997e+34
359 0
 -6.4228566719325526e+00
 -8.8928474620417042e-01
 -6.0155525412482920e+00
 -6.8622052282384622e+00
  9.9999999999999997e+34
  9.9999999999999997e+34
360 0
 -2.5619745313012849e+00
  3.8487263973097541e-02
  1.2157363496794069e+00
  3.6578526504607183e+00
  9.9999999999999997e+34
  9.9999999999999997e+34
361 0
 -6.4659115376257859e+00
  4.0397376073709381e+00
  4.7866783592787954e-01
  3.4323734666371593e+00
  9.9999999999999997e+34
  9.9999999999999997e+34
362 0
  1.5823899077169550e+00
  9.2054060749734781e+00
 -8.4246324461068181e+00
 -9.6912162470124734e+00
  9.9999999999999997e+34
  9.9999999999999997e+34
363 0
  9.6862297038017928e+00
 -4.3971769765006279e+00
  4.9301594844694048e+00
 -1.5936588084295664e+00
  9.9999999999999997e+34
  9.9999999999999997e+34
364 0
 -4.5025582120300083e+00
  1.0868522809291470e-01
 -6.4340174274677491e+00
  4.9952650140017578e+00
  9.9999999999999997e+34
  9.9999999999999997e+34
365 0
 -3.0757503831180513e+00
 -8.9481020061988854e+00
 -8.2539803433483367e+00
 -3.6884674586767643e+00
  9.9999999999999997e+34
  9.9999999999999997e+34
366 0
  7.3778274643131674e+00
 -6.6263816583093167e+00
 -8.1575994650635870e+00
  4.1112478981312588e+00
  9.9999999999999997e+34
  9.9999999999999997e+34
367 0
  4.7933040441914017e+00
  3.1949444828531437e+00
 -4.5163651995902718e+00
 -1.7221831026124690e+00
  9.9999999999999997e+34
  9.9999999999999997e+34
368 0
  9.4133540053914082e+00
  7.4750273569836416e+00
  5.4244585034551367e+00
  8.7007342738568454e+00
  9.9999999999999997e+34
  9.9999999999999997e+34
369 0
  4.8040165821109042e+00
 -3.7057508685187210e+00
 -4.1643551523631226e+00
  6.1393285804145634e+00
  9.9999999999999997e+34
  9.9999999999999997e+34
370 0
 -7.2971772110542172e+00
  2.0445503164290209e+00
  7.8982988083261532e+00
  2.4409888090756660e+00
  9.9999999999999997e+34
  9.9999999999999997e+34
371 0
  5.2513715975225761e+00
  7.0787315243290436e+00
 -1.7118281087427540e+00
  6.1984944698393782e+00
  9.9999999999999997e+34
  9.9999999999999997e+34
372 0
 -3.6602622520459169e+00
  5.9519373699798894e+00
 -7.8327206232737385e+00
 -7.8920725816358219e+00
  9.9999999999999997e+34
  9.9999999999999997e+34
373 0
  3.1048278385330121e+00
 -4.2801769609936402e+00
 -1.1412048391724028e+00
  5.4094764662019319e+00
  9.9999999999999997e+34
  9.9999999999999997e+34
374 0
 -5.6402002254688179e+00
  7.6054813981081750e+00
  4.3024115982942330e+00
  6.9921624087692074e+00
  9.9999999999999997e+34
  9.9999999999999997e+34
375 0
  3.3234240362995422e+00
 -6.2304417771429019e+00
 -7.9273608130995932e+00
  3.3791273056432267e+00
  9.9999999999999997e+34
  9.9999999999999997e+34
376 0
  2.9230750645152526e-01
 -4.8747925576170914e-01
 -9.1492685066299728e-01
  6.5338594822836384e+00
  9.9999999999999997e+34
  9.9999999999999997e+34
377 0
  1.5684425372483446e-01
  8.9358951705209435e+00
 -3.5522953204588479e+00
  9.8474069032107501e+00
  9.9999999999999997e+34
  9.9999999999999997e+34
378 0
  5.0286360061860798e+00
  2.9562868051958660e+00
  3.3543147022623181e+00
 -4.7081215794701770e-01
  9.9999999999999997e+34
  9.9999999999999997e+34
379 0
 -6.1482857429181621e+00
 -2.0767279304921296e+00
  5.3445161112325792e+00
  6.4242787642517492e+00
  9.9999999999999997e+34
  9.9999999999999997e+34
380 0
 -4.1791969138100722e+00
 -3.6308771900976433e+00
 -4.0676240409107987e+00
  8.0408526761647572e+00
  9.9999999999999997e+34
  9.9999999999999997e+34
381 0
 -4.2235938339604040e+00
  8.4523777749633311e+00
  6.0961776394844875e+00
 -4.5173294630448000e+00
  9.9999999999999997e+34
  9.9999999999999997e+34
382 0
 -5.7020406311853042e+00
 -9.9021508357963288e+00
  3.3264565623022886e+00
 -3.0193182141610038e+00
  9.9999999999999997e+34
  9.9999999999999997e+34
383 0
 -8.9929544874434164e-01
 -2.7411299910122198e+00
  6.1957045533674311e+00
  7.0916797207164031e+00
  9.9999999999999997e+34
  9.9999999999999997e+34
384 0
  3.9078364679160700e+00
  7.3397411021123347e+00
 -6.7893359608898578e+00
  9.4566162207427524e+00
  9.9999999999999997e+34
  9.9999999999999997e+34
385 0
  8.4198152545931819e+00
 -7.1675833115203229e+00
 -3.3580666889241328e-01
  5.3762716312782253e+00
  9.9999999999999997e+34
  9.9999999999999997e+34
386 0
 -6.3001555466559509e+00
  4.7742898831024245e+00
 -5.2457631822888571e+00
  9.1168210371941427e+00
  9.9999999999999997e+34
  9.9999999999999997e+34
387 0
 -1.6999756413046150e+00
 -4.6582002074728726e+00
 -3.7426783767261904e+00
 -8.7743737542882450e+00
  9.9999999999999997e+34
  9.9999999999999997e+34
388 0
  4.6637537398672446e+00
  2.6307034458176695e+00
 -9.0271343100011041e+00
  6.5964936356043893e+00
  9.9999999999999997e+34
  9.9999999999999997e+34
389 0
 -1.7154769840256670e+00
  2.0419718940006444e+00
 -6.3134990801631936e+00
 -6.2112167925626114e+00
  9.9999999999999997e+34
  9.9999999999999997e+34
390 0
  1.7902835234023087e+00
  2.8832902539909320e+00
 -5.8735654949553151e+00
  2.2296739705976449e+00
  9.9999999999999997e+34
  9.9999999999999997e+34
391 0
  2.2103609853472364e+00
  5.4170725007620959e+00
 -7.0351766594849421e+00
 -3.4911661378532486e+00
  9.9999999999999997e+34
  9.9999999999999997e+34
392 0
 -7.5426033965975989e+00
  5.5795835869291714e+00
  6.1944743228119208e+00
 -3.7627879221750371e+00
  9.9999999999999997e+34
  9.9999999999999997e+34
393 0
 -2.1754734554213817e+00
 -7.3803783195933228e+00
 -6.7897950097870989e+00
 -7.7140962787503824e+00
  9.9999999999999997e+34
  9.9999999999999997e+34
394 0
 -9.6757487206141217e+00
 -8.3969928782419263e+00
  3.1214358253038661e+00
  3.8401867048070706e+00
  9.9999999999999997e+34
  9.9999999999999997e+34
395 0
 -4.8522980766614419e+00
  5.2490212466796038e+00
 -4.3435033850108749e+00
  4.2340741372825939e+00
  9.9999999999999997e+34
  9.9999999999999997e+34
396 0
 -5.5807473862454051e+00
  7.3848217806708156e+00
  7.8773736291925296e+00
  4.1960299081150580e+00
  9.9999999999999997e+34
  9.9999999999999997e+34
397 0
 -6.9788814042596528e+00
  7.5508652755761752e-01
  5.9434204622839673e+00
  5.6356501000168020e+00
  9.9999999999999997e+34
  9.9999999999999997e+34
398 0
  6.6494926701530304e+00
  4.1151180835976824e+00
  2.1106248405345838e+00
 -8.9318507625404049e+00
  9.9999999999999997e+34
  9.9999999999999997e+34
399 0
 -2.4776021495822853e-01
 -8.9646727773196400e+00
 -4.6995954470241417e+00
 -7.0388505594054473e+00
  9.9999999999999997e+34
  9.9999999999999997e+34
400 0
  8.1833176120106685e+00
  2.4802264443040940e+00
 -4.6448699918784531e+00
  6.0523005463426465e+00
  9.9999999999999997e+34
  9.9999999999999997e+34
401 0
 -6.2395607569439155e+00
 -7.6285322930796688e+00
  2.0572693515835656e+00
 -8.0748215681290354e+00
  9.9999999999999997e+34
  9.9999999999999997e+34
402 0
 -4.1937546032451811e+00
  2.3467795515185124e+00
 -9.5690134910722318e+00
 -1.1863944824721635e+00
  9.9999999999999997e+34
  9.9999999999999997e+34
403 0
  6.6978490430386053e+00
 -1.5559720301795625e+00
  4.7133390208302721e+00
 -2.2842831454632240e-01
  9.9999999999999997e+34
  9.9999999999999997e+34
404 0
  2.9147652876166479e+00
  1.9891858808645928e+00
 -2.5941746926839349e+00
  9.3569914993629730e+00
  9.9999999999999997e+34
  9.9999999999999997e+34
405 0
  1.2792592082541709e+00
 -6.5438923503010962e+00
  8.8016050582759107e+00
  1.4994176623874438e+00
  9.9999999999999997e+34
  9.9999999999999997e+34
406 0
 -2.4441433755886477e+00
 -3.4312027941603231e+00
 -4.0368431685663966e+00
  3.5661392815253414e+00
  9.9999999999999997e+34
  9.9999999999999997e+34
407 0
 -9.7728919749022047e-01
 -5.4432181340843524e+00
 -1.0418668999531615e+00
 -5.7837271670735104e+00
  9.9999999999999997e+34
  9.9999999999999997e+34
408 0
  6.6302926822706567e+00
 -8.8093153847424848e+00
 -1.6343285849477756e+00
  5.3191126116174807e+00
  9.9999999999999997e+34
  9.9999999999999997e+34
409 0
  2.0846333597249505e+00
  1.8789892605873710e+00
 -4.6005864043722795e+00
  6.9336678352829395e+00
  9.9999999999999997e+34
  9.9999999999999997e+34
410 0
  6.2666794454058063e+00
  3.3325152626878189e+00
  9.9290796741512963e+00
 -6.1029980872306036e+00
  9.9999999999999997e+34
  9.9999999999999997e+34
411 0
  3.0683819684518454e-01
  5.8239815318137289e-01
  9.7851874212665422e+00
  1.5499582754215027e+00
  9.9999999999999997e+34
  9.9999999999999997e+34
412 0
  2.1741396617955253e+00
 -4.6835924567112661e+00
  8.8854600018288288e+00
  8.6288409766875382e+00
  9.9999999999999997e+34
  9.9999999999999997e+34
413 0
 -4.6173267320810476e+00
 -5.8545587937601651e+00
  3.9831105125989357e+00
  8.3516685936374913e+00
  9.9999999999999997e+34
  9.9999999999999997e+34
414 0
  6.2853873503792030e+00
 -5.4151803885657248e+00
  8.8025046134379252e+00
 -2.8179471626961359e+00
  9.9999999999999997e+34
  9.9999999999999997e+34
415 0
  4.1525006732682250e+00
 -3.9188148611778466e+00
 -3.5474646340811002e+00
 -7.2989274455695075e+00
  9.9999999999999997e+34
  9.9999999999999997e+34
416 0
 -6.2004879192451421e+00
 -5.8500284495996446e+00
  5.1334545086759391e+00
  4.0865555750609168e+00
  9.9999999999999997e+34
  9.9999999999999997e+34
417 0
 -2.5809552206569144e+00
 -5.8559656775817110e+00
 -5.7573056014987198e+00
  9.8386561078199541e-01
  9.9999999999999997e+34
  9.9999999999999997e+34
418 0
  1.6646017095374877e+00
 -9.0781209706692589e+00
  4.4718638316131489e+00
 -9.7720956894439155e+00
  9.9999999999999997e+34
  9.9999999999999997e+34
419 0
  1.2396447599118776e+00
 -4.2958224538228587e+00
 -3.6191861162052419e-02
 -4.9297230667107383e+00
  9.9999999999999997e+34
  9.9999999999999997e+34
420 0
 -9.0493842535882152e-01
  7.5018733728220113e+00
 -9.6044676376527498e+00
  7.2732929965822457e+00
  9.9999999999999997e+34
  9.9999999999999997e+34
421 0
 -1.7666546030746098e+00
  8.4126331556647251e+00
  7.2697280241501190e+00
 -4.8408742876913742e+00
  9.9999999999999997e+34
  9.9999999999999997e+34
422 0
  4.7560294134337600e+00
  8.9335615369181909e+00
 -6.0822204668457713e+00
 -7.7138997696870470e+00
  9.9999999999999997e+34
  9.9999999999999997e+34
423 0
 -2.7173254185902529e-01
  2.4960361572429708e+00
 -6.3857777213611540e+00
  7.1869184622480162e+00
  9.9999999999999997e+34
  9.9999999999999997e+34
424 0
  8.3980520900329800e+00
  7.1754748826732282e+00
 -3.6360798467118656e+00
 -1.5797448817546211e-01
  9.9999999999999997e+34
  9.9999999999999997e+34
425 0
  2.9459200300955768e+00
 -3.1553377179220963e+00
 -7.7159580205175828e+00
  2.8767832568272311e-02
  9.9999999999999997e+34
  9.9999999999999997e+34
426 0
 -9.4437550937029329e+00
 -2.5663632399245930e+00
 -3.0574022014892668e+00
 -2.5182606803803989e+00
  9.9999999999999997e+34
  9.9999999999999997e+34
427 0
 -2.1470376440077263e+00
 -5.6036096557991577e-01
  7.5468027114620426e+00
 -5.8953678309430222e+00
  9.9999999999999997e+34
  9.9999999999999997e+34
428 0
 -6.3025749783509255e-01
 -5.6430309338695510e+00
 -8.5374725975736379e+00
  6.4735984413295995e+00
  9.9999999999999997e+34
  9.9999999999999997e+34
429 0
  9.6105268036995675e+00
  6.9103856184102526e+00
 -1.7781776896576300e+00
  9.4976951412380828e-02
  9.9999999999999997e+34
  9.9999999999999997e+34
430 0
  4.3387726435152807e-01
 -8.7331805931093083e+00
 -3.2914305819624250e+00
  4.7248417580150264e+00
  9.9999999999999997e+34
  9.9999999999999997e+34
431 0
 -9.6413881330012288e+00
 -7.4300615291251155e+00
 -5.5179575251033333e+00
 -8.8880005194284024e+00
  9.9999999999999997e+34
  9.9999999999999997e+34
432 0
  9.9738232791301904e+00
  4.2856790378157417e+00
  6.2561304570437102e+00
  1.9332996625142620e+00
  9.9999999999999997e+34
  9.9999999999999997e+34
433 0
  8.2457293329041903e-01
  8.3419420096752894e+00
  7.8986671324347490e-01
 -5.5585989242226814e+00
  9.9999999999999997e+34
  9.9999999999999997e+34
434 0
  6.3139275723667474e+00
  6.9657071851965533e+00
 -3.5303679823551182e+00
 -4.9228188139027118e-01
  9.9999999999999997e+34
  9.9999999999999997e+34
435 0
  2.3356047236992072e+00
 -7.8458528536585348e-01
  1.0857205237661116e+00
 -3.6482621047870545e+00
  9.9999999999999997e+34
  9.9999999999999997e+34
436 0
  9.3671150316331122e+00
 -3.4069682533885199e+00
  3.4998709957580409e+00
 -9.9986496753984362e+00
  9.9999999999999997e+34
  9.9999999999999997e+34
437 0
  5.6511123830690568e+00
  9.4901306366036344e+00
  9.7500859572319705e+00
 -5.4626496580721113e+00
  9.9999999999999997e+34
  9.9999999999999997e+34
438 0
  3.7219222698928434e+00
  5.3499678035033718e+00
  4.6366678153335439e+00
  9.8068138862991781e+00
  9.9999999999999997e+34
  9.9999999999999997e+34
439 0
  8.2859672318612994e+00
  6.1905170959376363e+00
  7.6112469088338521e+00
  3.0414650370559944e+00
  9.9999999999999997e+34
  9.9999999999999997e+34
440 0
 -9.7326928841568030e+00
 -1.0359888947736415e+00
 -6.0468999557415488e+00
  2.4749366810894280e+00
  9.9999999999999997e+34
  9.9999999999999997e+34
441 0
  7.3363455279433829e+00
 -1.0437454520928426e+00
  6.9547251132106069e+00
  4.9650179571309216e+00
  9.9999999999999997e+34
  9.9999999999999997e+34
442 0
  1.9811696242453376e+00
  2.0007131956521018e+00
 -7.4059528565993311e+00
 -9.8475646599417388e+00
  9.9999999999999997e+34
  9.9999999999999997e+34
443 0
  5.9352819043841603e+00
  2.1945690280732499e-01
 -5.1923134155535671e+00
  6.5053290112434539e+00
  9.9999999999999997e+34
  9.9999999999999997e+34
444 0
 -4.3189287159214391e+00
  4.0336649278335575e+00
 -4.6738988415682217e+00
  4.5012818810070314e+00
  9.9999999999999997e+34
  9.9999999999999997e+34
445 0
  5.4937456247833296e+00
 -9.2046631077326246e-01
  8.4700802613376105e+00
  4.0330029623736650e+00
  9.9999999999999997e+34
  9.9999999999999997e+34
446 0
  3.1679278673454796e+00
  8.0852037659311691e+00
  5.3992240202609558e+00
 -5.0901870127255968e+00
  9.9999999999999997e+34
  9.9999999999999997e+34
447 0
 -1.4572792739874121e+00
 -9.1777201458708006e+00
  7.5681220263094282e+00
 -2.3083769866770023e+00
  9.9999999999999997e+34
  9.9999999999999997e+34
448 0
  5.4417140481256467e+00
  6.6703404284409906e+00
  7.6661362022469461e+00
 -6.6711030046786668e+00
  9.9999999999999997e+34
  9.9999999999999997e+34
449 0
  9.9263086495577824e-01
 -1.8292746282318948e+00
  4.6910652121021723e+00
  4.7437423350027501e+00
  9.9999999999999997e+34
  9.9999999999999997e+34
450 0
  3.3878133415187772e+00
 -8.8333742780766329e+00
 -4.1795412051396177e+00
  6.8764037810621801e+00
  9.9999999999999997e+34
  9.9999999999999997e+34
451 0
  6.5741163196852952e+00
  9.4428441298393722e+00
  4.1720026238691066e+00
 -1.6261888209852238e-01
  9.9999999999999997e+34
  9.9999999999999997e+34
452 0
  7.0728438054550651e+00
  6.2676617020124858e+00
 -9.9577610194486379e+00
 -9.4835697950253124e+00
  9.9999999999999997e+34
  9.9999999999999997e+34
453 0
 -1.1405919450989881e+00
 -2.7746314894289856e+00
  5.3454533849588852e+00
 -6.4646619541871644e+00
  9.9999999999999997e+34
  9.9999999999999997e+34
454 0
  8.4861604396655039e+00
 -2.1288269535306972e+00
  4.9175145546521613e+00
  9.8605776577538720e+00
  9.9999999999999997e+34
  9.9999999999999997e+34
455 0
  4.1173574394161605e+00
  3.3669291219520048e+00
  3.6310418991516435e-01
 -9.6143437640808269e+00
  9.9999999999999997e+34
  9.9999999999999997e+34
456 0
  8.9448932925913915e+00
 -7.4804993241468907e+00
  9.9984999746077214e+00
  5.6615231072816634e+00
  9.9999999999999997e+34
  9.9999999999999997e+34
457 0
  3.9602187992819680e+00
  8.1965701366758772e+00
  1.5325181146769395e+00
 -9.9815806094471267e+00
  9.9999999999999997e+34
  9.9999999999999997e+34
458 0
  3.1404750482833350e+00
  6.1972910148078988e+00
  2.9082767352966030e+00
 -5.9955345261821220e+00
  9.9999999999999997e+34
  9.9999999999999997e+34
459 0
  3.7967596732996221e+00
  3.5543238993521431e+00
 -8.6528014664784081e+00
  7.8753089242965473e+00
  9.9999999999999997e+34
  9.9999999999999997e+34
460 0
  2.7452023107303329e+00
  1.7312069943785691e+00
 -9.8869276884416717e+00
 -3.5983427956692609e+00
  9.9999999999999997e+34
  9.9999999999999997e+34
461 0
  6.1922511813194738e+00
 -9.2574508438154446e-01
 -9.9658102169473697e+00
 -7.6532412030050718e+00
  9.9999999999999997e+34
  9.9999999999999997e+34
462 0
  3.4535301166835843e+00
  7.5726711738727381e+00
  5.2513316810370103e+00
  9.0808501649093110e+00
  9.9999999999999997e+34
  9.9999999999999997e+34
463 0
  3.7529660546001828e+00
 -7.3138436802261708e-01
  6.0174320433369992e+00
  4.8272290801756217e+00
  9.9999999999999997e+34
  9.9999999999999997e+34
464 0
  9.7059834933401916e+00
  4.9706424143959893e-01
 -5.4495268061056379e-01
  2.9553091213830314e+00
  9.9999999999999997e+34
  9.9999999999999997e+34
465 0
  4.3194793650505403e-01
  6.3674479286966168e-01
 -1.1445761896411781e+00
  5.0558264344259296e+00
  9.9999999999999997e+34
  9.9999999999999997e+34
466 0
 -2.5546114670832694e+00
 -3.7007320270411359e+00
 -4.1722786120009969e+00
 -2.1921314262748384e+00
  9.9999999999999997e+34
  9.9999999999999997e+34
467 0
 -2.6756155084239381e+00
  9.7444561774583818e+00
 -2.1380546838687984e+00
 -3.4425111270707625e+00
  9.9999999999999997e+34
  9.9999999999999997e+34
468 0
  8.7453567044554994e+00
 -9.4672566277288155e+00
 -3.4158741931504908e+00
  2.3037503437622213e+00
  9.9999999999999997e+34
  9.9999999999999997e+34
469 0
 -9.4188719798898664e+00
  9.3901688742405653e-01
  8.6578541894712728e+00
 -9.6942940306357528e-01
  9.9999999999999997e+34
  9.9999999999999997e+34
470 0
  1.6106088699822347e+00
  6.9472022060990355e+00
  3.8741196663464059e+00
  7.8744268034931402e+00
  9.9999999999999997e+34
  9.9999999999999997e+34
471 0
 -5.6764834912849977e+00
 -7.2283513458577691e+00
 -3.9897459717419679e+00
  1.8605235646760665e+00
  9.9999999999999997e+34
  9.9999999999999997e+34
472 0
 -8.4833898574502165e+00
  1.6197349371480456e+00
  1.7760446629375437e+00
 -7.6382004738031890e+00
  9.9999999999999997e+34
  9.9999999999999997e+34
473 0
  6.3354942558032903e+00
 -2.5870020653060646e+00
  8.9547118679409365e-01
 -5.3681451340057631e+00
  9.9999999999999997e+34
  9.9999999999999997e+34
474 0
  3.6195938538851191e+00
 -2.8866352107779294e+00
 -2.3185769060247470e+00
  2.5267448800274845e+00
  9.9999999999999997e+34
  9.9999999999999997e+34
475 0
 -7.0491682444928063e+00
 -7.4493146769000749e+00
 -6.2876512791438266e-01
 -6.6800706911273622e+00
  9.9999999999999997e+34
  9.9999999999999997e+34
476 0
 -1.4499603451462271e+00
 -5.4358058774079225e+00
 -9.5482089647782082e+00
 -8.4199240237567210e+00
  9.9999999999999997e+34
  9.9999999999999997e+34
477 0
  2.3007180505901204e+00
 -7.2551763184625528e-01
 -1.6586291378636968e+00
 -2.3006851329937028e-01
  9.9999999999999997e+34
  9.9999999999999997e+34
478 0
  4.7479327557366027e+00
  1.8711016848083126e+00
  5.3106195830323841e+00
  7.8888483987603557e+00
  9.9999999999999997e+34
  9.9999999999999997e+34
479 0
  6.8671596128806272e+00
 -4.9312700074777283e-01
 -6.6853533297243306e+00
 -5.4536906142969102e+00
  9.9999999999999997e+34
  9.9999999999999997e+34
480 0
  3.6034254420564622e+00
 -3.9498773468424933e+00
  5.1730875555300564e+00
 -8.6315730580275751e+00
  9.9999999999999997e+34
  9.9999999999999997e+34
481 0
 -9.6230848131808848e+00
 -5.6025974711415341e+00
  5.4507046544229176e+00
  3.8333289762182758e+00
  9.9999999999999997e+34
  9.9999999999999997e+34
482 0
  7.3806787921957131e+00
  6.1720597446766021e+00
  7.7873382334538448e+00
  4.9187277513177730e+00
  9.9999999999999997e+34
  9.9999999999999997e+34
483 0
 -3.4817099354610361e+00
  1.1583473771616575e+00
 -3.7444187671618625e+00
 -8.2459412972656736e+00
  9.9999999999999997e+34
  9.9999999999999997e+34
484 0
  3.3345490756139853e+00
 -8.6034857708046530e-02
 -2.7858262289249458e+00
 -5.1704563550513498e+00
  9.9999999999999997e+34
  9.9999999999999997e+34
485 0
  7.3555911459753176e-01
 -6.2721054331735271e+00
  6.3992147782813831e+00
 -8.5364732605109328e+00
  9.9999999999999997e+34
  9.9999999999999997e+34
486 0
 -3.4889849151899028e+00
 -9.5537736823567059e+00
  8.5138094790809831e+00
  4.0701978346659793e+00
  9.9999999999999997e+34
  9.9999999999999997e+34
487 0
  1.0338179632247506e+00
 -7.1859657006272890e+00
  9.4381142777568243e+00
 -7.0046515190064218e+00
  9.9999999999999997e+34
  9.9999999999999997e+34
488 0
 -7.2618864929591709e+00
  2.8232372332472533e+00
 -2.7010706265928164e-02
  3.0373617042961349e+00
  9.9999999999999997e+34
  9.9999999999999997e+34
489 0
 -3.8857118198115899e+00
 -2.7124136093596061e+00
  6.5389667342132753e+00
 -1.5767728451531227e-01
  9.9999999999999997e+34
  9.9999999999999997e+34
490 0
  8.8687259978003468e+00
  6.8718095202333345e+00
 -9.6622904667920864e+00
  5.8437032233195847e+00
  9.9999999999999997e+34
  9.9999999999999997e+34
491 0
  2.3773690277605155e+00
 -4.8884599958027053e-01
  2.8928700149491764e+00
  3.6240801185481626e+00
  9.9999999999999997e+34
  9.9999999999999997e+34
492 0
 -2.7848649177629801e+00
  5.6791841777410283e+00
  8.6126696032530958e+00
  9.8648469708230557e+00
  9.9999999999999997e+34
  9.9999999999999997e+34
493 0
  6.2128428817786485e+00
 -9.3068390708914208e+00
  3.2982580705072078e+00
  9.3047407825033837e+00
  9.9999999999999997e+34
  9.9999999999999997e+34
494 0
  9.5841348169297618e+00
 -2.0209515942358180e-01
 -3.5316005831265862e-01
  6.2351859715931042e+00
  9.9999999999999997e+34
  9.9999999999999997e+34
495 0
 -4.4807384416836964e+00
  2.7323056071681471e+00
 -6.1940066312411828e+00
  2.2499149722279572e+00
  9.9999999999999997e+34
  9.9999999999999997e+34
496 0
  5.7530378903043626e+00
 -8.0688172197289845e+00
 -8.1449169843201137e+00
  3.2848780384682481e+00
  9.9999999999999997e+34
  9.9999999999999997e+34
497 0
  6.5421173891714375e+00
  2.8087187105830402e-01
  2.7093329619194062e+00
  3.8552766078409171e+00
  9.9999999999999997e+34
  9.9999999999999997e+34
498 0
 -5.8371944799261142e+00
  7.6024506416183186e+00
  4.4338516585686492e+00
  7.4050845752493863e+00
  9.9999999999999997e+34
  9.9999999999999997e+34
499 0
 -3.7918168370573859e+00
 -2.6389972272510631e+00
  3.3929271220196622e+00
  5.5564517972788074e+00
  9.9999999999999997e+34
  9.9999999999999997e+34
500 0
 -8.7907630385787989e+00
 -2.6808691176962434e+00
 -5.0688190362736671e+00
  2.0348653812123771e+00
  9.9999999999999997e+34
  9.9999999999999997e+34
PSUADE_IO
PSUADE
INPUT
   dimension = 4
   variable 1 Rosenbrock.x2  =  -1.0000000000000000e+01   1.0000000000000000e+01
   variable 2 Rosenbrock.x3  =  -1.0000000000000000e+01   1.0000000000000000e+01
   variable 3 Rosenbrock.x4  =  -1.0000000000000000e+01   1.0000000000000000e+01
   variable 4 Rosenbrock.x5  =  -1.0000000000000000e+01   1.0000000000000000e+01
#  PDF <inpNum> N  <mean> <std>
#  PDF <inpNum> L  <logmean> <std>
#  PDF <inpNum> T  <center> <halfbasewidth>
#  PDF <inpNum> B  <alpha> <beta>
#  PDF <inpNum> G  <alpha> <beta>
#  PDF <inpNum> W  <lambda> <K>
#  PDF <inpNum> IG <alpha> <beta>
#  PDF <inpNum> C  <X0> <gamma>
#  PDF <inpNum> E  <lambda>
#  PDF <inpNum> F  <D1> <D2>
#  PDF <inpNum> S  <filename> <index>
#  COR <inpNum> <inpNum> <value>
#  num_fixed = <count>
#  fixed <num> = <value>
END
OUTPUT
   dimension = 2
   variable 1 graph.error
   variable 2 Rosenbrock.f
END
METHOD
   sampling = MC
#  sampling = FACT
#  sampling = LH
#  sampling = OA
#  sampling = OALH
#  sampling = MOAT
#  sampling = SOBOL
#  sampling = LPTAU
#  sampling = METIS
#  sampling = FAST
#  sampling = BBD
#  sampling = PBD
#  sampling = FF4
#  sampling = FF5
#  sampling = CCI4
#  sampling = CCI5
#  sampling = CCIF
#  sampling = CCF4
#  sampling = CCF5
#  sampling = CCFF
#  sampling = CCC4
#  sampling = CCC5
#  sampling = CCCF
#  sampling = SFAST
#  sampling = UMETIS
#  sampling = GMOAT
#  sampling = GMETIS
#  sampling = SPARSEGRID
#  sampling = LSA
#  sampling = RFF4
#  sampling = RFF5
   num_samples = 500
   num_replications = 1
   num_refinements = 0
   refinement_size = 10000000
   reference_num_refinements = 0
#  refinement_type = adaptive
   randomize
#  randomize_more
#  an example of settings: input 1 with 3 settings
#  input_settings 1 3
#                 0.0
#                 0.5
#                 1.0
#  random_seed = 2147483647
END
APPLICATION
   driver = NONE
   opt_driver = NONE
   aux_opt_driver = NONE
   ensemble_driver = NONE
   ensemble_opt_driver = NONE
#  max_parallel_jobs = 1
#  min_job_wait_time = 1
   max_job_wait_time = 1000000
#  nondeterministic
#  launch_only
#  limited_launch_only
#  gen_inputfile_only
#  ensemble_run_mode
#  launch_interval = 1
   save_frequency = 1
END
ANALYSIS
##**********************************************
## Moment - basic statistics
#  analyzer method = Moment
##==============================================
## MainEffect - raw data main effect analysis
#  analyzer method = MainEffect
##==============================================
## TwoParamEffect - raw data pairwise analysis
#  analyzer method = TwoParamEffect
##==============================================
## ANOVA - analysis of variance
#  analyzer method = ANOVA
##==============================================
## GLSA - gradient-based sensitivity analysis
#  analyzer method = GLSA
##==============================================
## RSFA - response surface analysis
#  analyzer method = RSFA
##==============================================
## MOAT - Morris screening analysis
#  analyzer method = MOAT
##==============================================
## SOBOL - Sobol' analysis on Sobol' samples
#  analyzer method = Sobol
##==============================================
## Correlation - classical correlation analysis
#  analyzer method = Correlation
##==============================================
## Integration - find area under response surface
#  analyzer method = Integration
##==============================================
## FAST - total sensitivity analysis using FAST samples
#  analyzer method = FAST
##==============================================
## FF - screening using fractional factorial samples
#  analyzer method = FF
##==============================================
## PCA - principal component analysis
#  analyzer method = PCA
##==============================================
## RSMSobol1 - response surface based main effect
#  analyzer method = RSMSobol1
##==============================================
## RSMSobol2 - response surface based pairwise effect
#  analyzer method = RSMSobol2
##==============================================
## RSMSobolTSI - response surface based total effect
#  analyzer method = RSMSobolTSI
##==============================================
## RSMSobolG - response surface based group effect
#  analyzer method = RSMSobolG
##==============================================
## ARSM - adaptive NN-based response surface analysis
#  analyzer method = ARSMNN
##==============================================
## ARSM - adaptive MARS-based response surface analysis
#  analyzer method = ARSM
##==============================================
## REL - reliability analysis
#  analyzer method = REL
##==============================================
## DELTA - Delta test for parameter screening
#  analyzer method = DELTA
##==============================================
## LSA - local sensitivity analysis
#  analyzer method = LSA
##**********************************************
   analyzer output_id  = 1
##**********************************************
##RS: MARS - multivariate adaptive regression
   analyzer rstype = MARS
##==============================================
##RS: linear - linear regression
#  analyzer rstype = linear
##==============================================
##RS: quadratic - quadratic regression
#  analyzer rstype = quadratic
##==============================================
##RS: cubic - third-order polynomial
#  analyzer rstype = cubic
##==============================================
##RS: quartic - fourth-order polynomial
#  analyzer rstype = quartic
##==============================================
##RS: selective - selected polynomial order terms
#  analyzer rstype = selective_regression
##==============================================
##RS: GP1 - Gaussian process by MacKay
#  analyzer rstype = GP1
##RS: GP2 - Gaussian process by Tong
#  analyzer rstype = GP2
##==============================================
##RS: SVM - support vector machine
#  analyzer rstype = SVM
##==============================================
##RS: PWL - piecewise linear approximation
#  analyzer rstype = PWL
##==============================================
##RS: TGP - treed Gaussian process by Lee et al.
#  analyzer rstype = TGP
##==============================================
##RS: MARSBag - MARS with bagging
#  analyzer rstype = MARSBag
##==============================================
##RS: sum_of_trees based on repeated bisections
#  analyzer rstype = sum_of_trees
##==============================================
##RS: Legendre - Legendre polynomial regression
#  analyzer rstype = Legendre
##==============================================
##RS: user - user provides basis functions
#  analyzer rstype = user_regression
##==============================================
##RS: sparse_grid - only with special quadrature pts 
#  analyzer rstype = sparse_grid_regression
##==============================================
##RS: Krigining - using 2nd order correlation
#  analyzer rstype = Kriging
##==============================================
##RS: splines - splines on 2D/3D grid samples
#  analyzer rstype = splines
##==============================================
##RS: KNN - k-nearest neighbors
#  analyzer rstype = KNN
##==============================================
##RS: RBF - radial basis function
#  analyzer rstype = RBF
##==============================================
##RS: ACOSSO - Curt Storlie's ACOSSO
#  analyzer rstype = Acosso
##==============================================
##RS: BSSANOVA - Curt Storlie's BSSANOVA
#  analyzer rstype = Bssanova
##==============================================
##RS: psuade_regression - PSUADE's internal function
#  analyzer rstype = psuade_regression
##==============================================
##RS: RBFBag - RBF with bootstraps
#  analyzer rstype = RBFBag
##==============================================
##RS: PLS - partial least squares (correlated inputs)
#  analyzer rstype = PLS
##==============================================
##RS: MRBF - multiple RBF
#  analyzer rstype = MRBF
##==============================================
##RS: MGP2 - multiple GP2
#  analyzer rstype = MGP2
##==============================================
##RS: MMARS - multiple MARS
#  analyzer rstype = MMARS
##==============================================
#  analyzer rs_legendre_order = -1
#  analyzer rs_mars_num_bases = -1
#  analyzer rs_mars_interaction = -1
#  analyzer rs_num_mars = -1
#  analyzer rs_kriging_mode = -1
#  analyzer rs_kriging_tol = -1
#  analyzer opt_save_history
#  analyzer opt_use_history
#  analyzer regression_wgt_id = -1
#  graphics
#  sample_graphics
   analyzer threshold = 1.000000e+00
   rs_max_pts = 10000
##==============================================
## rs_constraint - for constrained UA/SA analysis
#  analyzer rs_constraint = psData indexFile Lbnd Ubnd
##==============================================
## moat_constraint - for constrained MOAT analysis
## analyzer moat_constraint = psData indexFile Lbnd Ubnd
##==============================================
## rs_index_file - use rs but fix some inputs
#  analyzer rs_index_file = <indexFile>
##==============================================
## rs_index_sample_file - sample for some inputs
#  analyzer rs_index_sample_file = <sampleFile>
##==============================================
## crude - optimize in raw data or rs spaces
#  optimization method = crude
##==============================================
## minpack - optimize with user provided gradients
#  optimization method = minpack
##==============================================
## sm - space mapping optimization
#  optimization method = sm
##==============================================
## mm - manifold mapping optimization
#  optimization method = mm
##==============================================
## mm - adaptive manifold mapping optimization
#  optimization method = mm_adaptive
##==============================================
## cobyla: nonlinear inequality-constrained opt
#  optimization method = cobyla
##==============================================
## bobyqa: bound-constrained optimization
#  optimization method = bobyqa
##==============================================
## lincoa: linear inequality constrained opt
#  optimization method = lincoa
##==============================================
## newuoa: unconstrained optimization
#  optimization method = newuoa
##==============================================
## lbfgs - with derivatives
#  optimization method = lbfgs
##==============================================
##  sce: genetic algorithm-type optimization
#  optimization method = sce
##==============================================
## moo - multi-objective optimization
#  optimization method = moo
##==============================================
## ouu - optimization under uncertainty
#  optimization method = ouu
##==============================================
## ouu_unconstr - ouu with no constraints 
#  optimization method = ouu_unconstr
##==============================================
## ouu_ineq_constr - ouu with inequality constraints 
#  optimization method = ouu_ineq_constr
##==============================================
## ouu_lbfgs - ouu with derivatives
#  optimization method = ouu_lbfgs
##==============================================
## nomad - mixed integer 
#  optimization method = nomad
##==============================================
## ouu - mixed integer 
#  optimization method = ouu_minlp
#***********************************************
#  optimization num_local_minima = 0
#  optimization use_response_surface
#  optimization print_level = 0
#  optimization num_fmin = 0
#  optimization output_id = 0
#  optimization max_feval = 10000
#  optimization deltax = 1.0e-6
#  optimization fmin = not defined
#  optimization cutoff = not defined
#  optimization tolerance = not defined
   printlevel  2
#  file_write matlab
#  use_config_file = NONE
#  use_input_pdfs
#  constraint_op_and
END
END
