20 5
  4.458796778652e-01   1.925949174797e-01   7.894736842105e+00  -1.000000000000e+01   4.736842105263e+00 
  4.458796778652e-01   1.925949174797e-01  -3.684210526316e+00  -5.789473684211e+00  -1.578947368421e+00 
  4.458796778652e-01   1.925949174797e-01  -1.000000000000e+01   7.894736842105e+00  -5.789473684211e+00 
  4.458796778652e-01   1.925949174797e-01   6.842105263158e+00  -4.736842105263e+00   8.947368421053e+00 
  4.458796778652e-01   1.925949174797e-01  -2.631578947368e+00   1.578947368421e+00   5.789473684211e+00 
  4.458796778652e-01   1.925949174797e-01  -1.578947368421e+00   2.631578947368e+00  -4.736842105263e+00 
  4.458796778652e-01   1.925949174797e-01  -6.842105263158e+00   1.000000000000e+01   1.578947368421e+00 
  4.458796778652e-01   1.925949174797e-01   3.684210526316e+00   8.947368421053e+00  -7.894736842105e+00 
  4.458796778652e-01   1.925949174797e-01   5.789473684211e+00   4.736842105263e+00  -3.684210526316e+00 
  4.458796778652e-01   1.925949174797e-01   8.947368421053e+00   6.842105263158e+00   6.842105263158e+00 
  4.458796778652e-01   1.925949174797e-01   1.000000000000e+01  -6.842105263158e+00   7.894736842105e+00 
  4.458796778652e-01   1.925949174797e-01  -8.947368421053e+00  -5.263157894737e-01  -1.000000000000e+01 
  4.458796778652e-01   1.925949174797e-01   1.578947368421e+00  -8.947368421053e+00  -2.631578947368e+00 
  4.458796778652e-01   1.925949174797e-01   5.263157894737e-01   3.684210526316e+00  -8.947368421053e+00 
  4.458796778652e-01   1.925949174797e-01   2.631578947368e+00  -3.684210526316e+00   5.263157894737e-01 
  4.458796778652e-01   1.925949174797e-01  -5.263157894737e-01   5.789473684211e+00  -5.263157894737e-01 
  4.458796778652e-01   1.925949174797e-01  -7.894736842105e+00  -7.894736842105e+00   3.684210526316e+00 
  4.458796778652e-01   1.925949174797e-01  -5.789473684211e+00  -2.631578947368e+00  -6.842105263158e+00 
  4.458796778652e-01   1.925949174797e-01   4.736842105263e+00  -1.578947368421e+00   1.000000000000e+01 
  4.458796778652e-01   1.925949174797e-01  -4.736842105263e+00   5.263157894737e-01   2.631578947368e+00 
num_fixed = 1
fixed 0 Rosenbrock.x6 =   4.0000000000000000e+00
20
0.445880 0.192595 7.894737 -10.000000 4.736842 4.000000 
0.445880 0.192595 -3.684211 -5.789474 -1.578947 4.000000 
0.445880 0.192595 -10.000000 7.894737 -5.789474 4.000000 
0.445880 0.192595 6.842105 -4.736842 8.947368 4.000000 
0.445880 0.192595 -2.631579 1.578947 5.789474 4.000000 
0.445880 0.192595 -1.578947 2.631579 -4.736842 4.000000 
0.445880 0.192595 -6.842105 10.000000 1.578947 4.000000 
0.445880 0.192595 3.684211 8.947368 -7.894737 4.000000 
0.445880 0.192595 5.789474 4.736842 -3.684211 4.000000 
0.445880 0.192595 8.947368 6.842105 6.842105 4.000000 
0.445880 0.192595 10.000000 -6.842105 7.894737 4.000000 
0.445880 0.192595 -8.947368 -0.526316 -10.000000 4.000000 
0.445880 0.192595 1.578947 -8.947368 -2.631579 4.000000 
0.445880 0.192595 0.526316 3.684211 -8.947368 4.000000 
0.445880 0.192595 2.631579 -3.684211 0.526316 4.000000 
0.445880 0.192595 -0.526316 5.789474 -0.526316 4.000000 
0.445880 0.192595 -7.894737 -7.894737 3.684211 4.000000 
0.445880 0.192595 -5.789474 -2.631579 -6.842105 4.000000 
0.445880 0.192595 4.736842 -1.578947 10.000000 4.000000 
0.445880 0.192595 -4.736842 0.526316 2.631579 4.000000 
