PSUADE_IO (Note : inputs not true inputs if pdf ~=U)
10 4 100
1 1
  8.0000000000000004e-01
  8.0000000000000004e-01
  8.0000000000000004e-01
  8.0000000000000004e-01
  8.0000000000000004e-01
  8.0000000000000004e-01
  8.0000000000000004e-01
  8.0000000000000004e-01
  8.0000000000000004e-01
  8.0000000000000004e-01
  0.0000000000000000e+00
  4.5577400000000001e-01
 -1.0451800000000000e-01
  2.2972400000000001e-01
2 1
  1.0000000000000000e+00
  1.0000000000000000e+00
  1.0000000000000000e+00
  1.0000000000000000e+00
  1.0000000000000000e+00
  1.0000000000000000e+00
  1.0000000000000000e+00
  1.0000000000000000e+00
  9.0000000000000002e-01
  1.0000000000000000e+00
  0.0000000000000000e+00
  5.1264100000000001e-01
  3.5414200000000001e-01
  2.1465899999999999e-01
3 1
  9.0000000000000002e-01
  1.1000000000000001e+00
  9.0000000000000002e-01
  1.1000000000000001e+00
  9.0000000000000002e-01
  1.1000000000000001e+00
  9.0000000000000002e-01
  1.1000000000000001e+00
  9.4999999999999996e-01
  1.1000000000000001e+00
  0.0000000000000000e+00
  3.1948199999999999e-01
  8.2513700000000001e-01
  1.9864499999999999e-01
4 1
  1.1000000000000001e+00
  9.0000000000000002e-01
  1.1000000000000001e+00
  9.0000000000000002e-01
  1.1000000000000001e+00
  9.0000000000000002e-01
  1.1000000000000001e+00
  9.0000000000000002e-01
  8.5000000000000009e-01
  9.0000000000000002e-01
  0.0000000000000000e+00
  6.6859700000000000e-01
  7.6618500000000000e-01
  2.3040400000000000e-01
5 1
  1.0500000000000000e+00
  8.5000000000000009e-01
  9.4999999999999996e-01
  9.4999999999999996e-01
  8.5000000000000009e-01
  1.0500000000000000e+00
  1.1499999999999999e+00
  1.1499999999999999e+00
  8.7500000000000000e-01
  8.5000000000000009e-01
  0.0000000000000000e+00
  2.9962400000000000e-01
  9.2903000000000002e-01
  2.2874500000000000e-01
6 1
  9.4999999999999996e-01
  9.4999999999999996e-01
  1.0500000000000000e+00
  8.5000000000000009e-01
  1.1499999999999999e+00
  1.1499999999999999e+00
  8.5000000000000009e-01
  1.0500000000000000e+00
  8.2500000000000007e-01
  9.4999999999999996e-01
  0.0000000000000000e+00
  1.7069200000000001e-01
  6.5414000000000005e-01
  2.2402200000000000e-01
7 1
  1.1499999999999999e+00
  1.1499999999999999e+00
  8.5000000000000009e-01
  1.0500000000000000e+00
  9.4999999999999996e-01
  9.4999999999999996e-01
  1.0500000000000000e+00
  8.5000000000000009e-01
  9.2500000000000004e-01
  1.1499999999999999e+00
  0.0000000000000000e+00
  4.8206700000000002e-01
  9.8966500000000002e-01
  1.9115299999999999e-01
8 1
  8.2500000000000007e-01
  1.1749999999999998e+00
  1.0750000000000000e+00
  9.2500000000000004e-01
  8.7500000000000000e-01
  8.2500000000000007e-01
  9.7499999999999998e-01
  1.0249999999999999e+00
  9.6250000000000002e-01
  8.2500000000000007e-01
  0.0000000000000000e+00
  9.5689400000000002e-01
 -3.6989100000000003e-01
  2.4083800000000000e-01
9 1
  1.0249999999999999e+00
  9.7499999999999998e-01
  8.7500000000000000e-01
  1.1250000000000000e+00
  1.0750000000000000e+00
  1.0249999999999999e+00
  1.1749999999999998e+00
  8.2500000000000007e-01
  8.6250000000000004e-01
  1.0249999999999999e+00
  0.0000000000000000e+00
  1.0489999999999999e-01
  4.3390899999999999e-01
  2.0950299999999999e-01
10 1
  9.2500000000000004e-01
  8.7500000000000000e-01
  1.1749999999999998e+00
  1.0249999999999999e+00
  9.7499999999999998e-01
  1.1250000000000000e+00
  8.7500000000000000e-01
  9.2500000000000004e-01
  8.1250000000000000e-01
  1.1250000000000000e+00
  0.0000000000000000e+00
  4.4650200000000001e-01
 -2.3247799999999999e-01
  1.9602400000000000e-01
11 1
  1.1250000000000000e+00
  1.0750000000000000e+00
  9.7499999999999998e-01
  8.2500000000000007e-01
  1.1749999999999998e+00
  9.2500000000000004e-01
  1.0750000000000000e+00
  1.1250000000000000e+00
  9.1249999999999998e-01
  9.2500000000000004e-01
  0.0000000000000000e+00
  5.4310700000000001e-01
  9.7282299999999999e-01
  2.2475999999999999e-01
12 1
  8.7500000000000000e-01
  9.2500000000000004e-01
  9.2500000000000004e-01
  1.0750000000000000e+00
  1.0249999999999999e+00
  8.7500000000000000e-01
  8.2500000000000007e-01
  1.1749999999999998e+00
  8.3750000000000002e-01
  1.0750000000000000e+00
  0.0000000000000000e+00
  5.9174700000000002e-01
 -3.1681199999999998e-01
  2.0134700000000000e-01
13 1
  1.0750000000000000e+00
  1.1250000000000000e+00
  1.1250000000000000e+00
  8.7500000000000000e-01
  8.2500000000000007e-01
  1.0750000000000000e+00
  1.0249999999999999e+00
  9.7499999999999998e-01
  9.3750000000000000e-01
  8.7500000000000000e-01
  0.0000000000000000e+00
  8.5493699999999995e-01
  9.7678799999999999e-01
  2.3299500000000001e-01
14 1
  9.7499999999999998e-01
  1.0249999999999999e+00
  8.2500000000000007e-01
  9.7499999999999998e-01
  1.1250000000000000e+00
  1.1749999999999998e+00
  9.2500000000000004e-01
  8.7500000000000000e-01
  9.8750000000000004e-01
  9.7499999999999998e-01
  0.0000000000000000e+00
  8.9924900000000002e-02
  9.7621500000000005e-01
  2.1808000000000000e-01
15 1
  1.1749999999999998e+00
  8.2500000000000007e-01
  1.0249999999999999e+00
  1.1749999999999998e+00
  9.2500000000000004e-01
  9.7499999999999998e-01
  1.1250000000000000e+00
  1.0750000000000000e+00
  8.8750000000000007e-01
  1.1749999999999998e+00
  0.0000000000000000e+00
  4.4892100000000001e-01
  5.1289499999999999e-01
  1.8768599999999999e-01
16 1
  8.1250000000000000e-01
  1.0125000000000000e+00
  9.6250000000000002e-01
  8.8750000000000007e-01
  9.8750000000000004e-01
  9.1249999999999998e-01
  1.1875000000000000e+00
  9.1249999999999998e-01
  8.1875000000000009e-01
  9.8750000000000004e-01
  0.0000000000000000e+00
  5.3303500000000004e-01
 -2.0570400000000000e-01
  2.1803200000000000e-01
17 1
  9.1249999999999998e-01
  9.1249999999999998e-01
  8.6250000000000004e-01
  1.1875000000000000e+00
  8.8750000000000007e-01
  1.0125000000000000e+00
  1.0874999999999999e+00
  1.0125000000000000e+00
  9.6875000000000000e-01
  1.0874999999999999e+00
  0.0000000000000000e+00
  2.0977199999999999e-01
 -1.2001600000000000e-01
  2.0156399999999999e-01
18 1
  1.1125000000000000e+00
  1.1125000000000000e+00
  1.0625000000000000e+00
  9.8750000000000004e-01
  1.0874999999999999e+00
  8.1250000000000000e-01
  8.8750000000000007e-01
  8.1250000000000000e-01
  8.6875000000000002e-01
  8.8750000000000007e-01
  0.0000000000000000e+00
  7.9011299999999995e-01
  6.2835399999999997e-01
  2.2389000000000001e-01
19 1
  1.0625000000000000e+00
  1.0625000000000000e+00
  8.1250000000000000e-01
  9.3750000000000000e-01
  9.3750000000000000e-01
  1.1625000000000001e+00
  8.3750000000000002e-01
  1.0625000000000000e+00
  8.9375000000000004e-01
  9.3750000000000000e-01
  0.0000000000000000e+00
  2.1592200000000000e-01
  9.9968000000000001e-01
  2.2733400000000001e-01
20 1
  9.6250000000000002e-01
  1.1625000000000001e+00
  1.1125000000000000e+00
  8.3750000000000002e-01
  1.0375000000000001e+00
  1.0625000000000000e+00
  1.1375000000000000e+00
  1.1625000000000001e+00
  8.4375000000000000e-01
  8.3750000000000002e-01
  0.0000000000000000e+00
  6.6075899999999999e-01
  7.0500099999999999e-01
  2.3129600000000000e-01
21 1
  1.1625000000000001e+00
  9.6250000000000002e-01
  9.1249999999999998e-01
  1.0375000000000001e+00
  8.3750000000000002e-01
  8.6250000000000004e-01
  9.3750000000000000e-01
  9.6250000000000002e-01
  9.4374999999999998e-01
  1.0375000000000001e+00
  0.0000000000000000e+00
  7.0650999999999997e-01
  9.5013899999999996e-01
  2.0959200000000000e-01
22 1
  8.3750000000000002e-01
  9.8750000000000004e-01
  1.1375000000000000e+00
  9.6250000000000002e-01
  9.1249999999999998e-01
  9.3750000000000000e-01
  1.0125000000000000e+00
  1.1375000000000000e+00
  9.5625000000000004e-01
  9.6250000000000002e-01
  0.0000000000000000e+00
  8.9870000000000005e-01
 -3.9873100000000000e-01
  2.1987000000000001e-01
23 1
  1.0375000000000001e+00
  1.1875000000000000e+00
  9.3750000000000000e-01
  1.1625000000000001e+00
  1.1125000000000000e+00
  1.1375000000000000e+00
  8.1250000000000000e-01
  9.3750000000000000e-01
  8.5625000000000007e-01
  1.1625000000000001e+00
  0.0000000000000000e+00
  3.2111299999999998e-01
  9.7378100000000001e-01
  1.9077300000000000e-01
24 1
  9.3750000000000000e-01
  1.0874999999999999e+00
  1.0375000000000001e+00
  1.0625000000000000e+00
  8.1250000000000000e-01
  1.0375000000000001e+00
  1.1125000000000000e+00
  8.3750000000000002e-01
  8.0625000000000002e-01
  1.0625000000000000e+00
  0.0000000000000000e+00
  4.6752899999999997e-01
  1.8325699999999999e-03
  2.0364299999999999e-01
25 1
  1.1375000000000000e+00
  8.8750000000000007e-01
  8.3750000000000002e-01
  8.6250000000000004e-01
  1.0125000000000000e+00
  8.3750000000000002e-01
  9.1249999999999998e-01
  1.0375000000000001e+00
  9.0625000000000000e-01
  8.6250000000000004e-01
  0.0000000000000000e+00
  4.1890800000000000e-01
  9.8006499999999996e-01
  2.3513000000000001e-01
26 1
  8.8750000000000007e-01
  1.1375000000000000e+00
  8.8750000000000007e-01
  1.0125000000000000e+00
  1.1625000000000001e+00
  9.8750000000000004e-01
  1.1625000000000001e+00
  1.0874999999999999e+00
  8.3125000000000004e-01
  1.1125000000000000e+00
  0.0000000000000000e+00
  2.4792700000000001e-01
 -4.5285899999999997e-02
  1.9803599999999999e-01
27 1
  1.0874999999999999e+00
  9.3750000000000000e-01
  1.0874999999999999e+00
  8.1250000000000000e-01
  9.6250000000000002e-01
  1.1875000000000000e+00
  9.6250000000000002e-01
  8.8750000000000007e-01
  9.3125000000000002e-01
  9.1249999999999998e-01
  0.0000000000000000e+00
  3.6870500000000000e-01
  9.9085800000000002e-01
  2.2531499999999999e-01
28 1
  9.8750000000000004e-01
  8.3750000000000002e-01
  9.8750000000000004e-01
  9.1249999999999998e-01
  1.0625000000000000e+00
  1.0874999999999999e+00
  1.0625000000000000e+00
  9.8750000000000004e-01
  9.8124999999999996e-01
  8.1250000000000000e-01
  0.0000000000000000e+00
  2.4742300000000000e-01
  6.3337900000000003e-01
  2.3956200000000000e-01
29 1
  1.1875000000000000e+00
  1.0375000000000001e+00
  1.1875000000000000e+00
  1.1125000000000000e+00
  8.6250000000000004e-01
  8.8750000000000007e-01
  8.6250000000000004e-01
  1.1875000000000000e+00
  8.8125000000000009e-01
  1.0125000000000000e+00
  0.0000000000000000e+00
  8.7712000000000001e-01
  5.3951600000000000e-01
  2.0922399999999999e-01
30 1
  8.0625000000000002e-01
  1.1187499999999999e+00
  1.1812499999999999e+00
  1.0687500000000001e+00
  1.1187499999999999e+00
  1.1687500000000000e+00
  1.0937500000000000e+00
  1.1562500000000000e+00
  9.0937500000000004e-01
  9.1874999999999996e-01
  0.0000000000000000e+00
  5.7901700000000000e-01
 -3.0202899999999999e-01
  2.2881199999999999e-01
31 1
  1.0062500000000001e+00
  9.1874999999999996e-01
  9.8124999999999996e-01
  8.6875000000000002e-01
  9.1874999999999996e-01
  9.6875000000000000e-01
  8.9375000000000004e-01
  9.5625000000000004e-01
  8.0937500000000007e-01
  1.1187499999999999e+00
  0.0000000000000000e+00
  4.1783599999999999e-01
  7.9161999999999999e-01
  1.9547100000000001e-01
32 1
  1.1062500000000000e+00
  1.0187500000000000e+00
  8.8125000000000009e-01
  1.1687500000000000e+00
  8.1875000000000009e-01
  1.0687500000000001e+00
  9.9375000000000002e-01
  1.0562499999999999e+00
  9.5937499999999998e-01
  8.1875000000000009e-01
  0.0000000000000000e+00
  4.0528700000000001e-01
  9.8556400000000000e-01
  2.3061499999999999e-01
33 1
  8.5625000000000007e-01
  9.6875000000000000e-01
  8.3125000000000004e-01
  9.1874999999999996e-01
  9.6875000000000000e-01
  1.1187499999999999e+00
  1.1437500000000000e+00
  1.0062500000000001e+00
  8.8437500000000002e-01
  1.1687500000000000e+00
  0.0000000000000000e+00
 -1.2884899999999999e-01
  2.6559400000000000e-01
  1.8850700000000001e-01
34 1
  1.0562499999999999e+00
  1.1687500000000000e+00
  1.0312500000000000e+00
  1.1187499999999999e+00
  1.1687500000000000e+00
  9.1874999999999996e-01
  9.4374999999999998e-01
  8.0625000000000002e-01
  9.8437500000000000e-01
  9.6875000000000000e-01
  0.0000000000000000e+00
  7.7229400000000004e-01
 -5.9934599999999998e-02
  2.2118099999999999e-01
35 1
  9.5625000000000004e-01
  1.0687500000000001e+00
  9.3125000000000002e-01
  1.0187500000000000e+00
  8.6875000000000002e-01
  8.1875000000000009e-01
  1.0437500000000000e+00
  9.0625000000000000e-01
  9.3437499999999996e-01
  8.6875000000000002e-01
  0.0000000000000000e+00
  8.3022799999999997e-01
  1.2469100000000000e-02
  2.2908999999999999e-01
36 1
  1.1562500000000000e+00
  8.6875000000000002e-01
  1.1312500000000001e+00
  8.1875000000000009e-01
  1.0687500000000001e+00
  1.0187500000000000e+00
  8.4375000000000000e-01
  1.1062500000000000e+00
  8.3437500000000009e-01
  1.0687500000000001e+00
  0.0000000000000000e+00
  4.8320700000000000e-01
  9.7332300000000005e-01
  2.0403399999999999e-01
37 1
  8.3125000000000004e-01
  8.9375000000000004e-01
  9.0625000000000000e-01
  1.1937500000000001e+00
  1.1937500000000001e+00
  1.1937500000000001e+00
  1.1187499999999999e+00
  9.8124999999999996e-01
  8.7187500000000007e-01
  9.4374999999999998e-01
  0.0000000000000000e+00
 -1.3190600000000000e-01
 -2.1630700000000000e-01
  2.2342300000000001e-01
38 1
  1.0312500000000000e+00
  1.0937500000000000e+00
  1.1062500000000000e+00
  9.9375000000000002e-01
  9.9375000000000002e-01
  9.9375000000000002e-01
  9.1874999999999996e-01
  1.1812499999999999e+00
  9.7187500000000004e-01
  1.1437500000000000e+00
  0.0000000000000000e+00
  7.7874200000000005e-01
  2.2466400000000000e-01
  1.9292000000000001e-01
39 1
  9.3125000000000002e-01
  1.1937500000000001e+00
  8.0625000000000002e-01
  8.9375000000000004e-01
  1.0937500000000000e+00
  8.9375000000000004e-01
  1.0187500000000000e+00
  1.0812500000000000e+00
  9.2187500000000000e-01
  1.0437500000000000e+00
  0.0000000000000000e+00
  4.7927900000000001e-01
  8.1951900000000000e-01
  2.0648700000000000e-01
40 1
  1.1312500000000001e+00
  9.9375000000000002e-01
  1.0062500000000001e+00
  1.0937500000000000e+00
  8.9375000000000004e-01
  1.0937500000000000e+00
  8.1875000000000009e-01
  8.8125000000000009e-01
  8.2187500000000002e-01
  8.4375000000000000e-01
  0.0000000000000000e+00
  4.7732900000000000e-01
  9.8217200000000005e-01
  2.3812100000000000e-01
41 1
  8.8125000000000009e-01
  1.0437500000000000e+00
  1.0562499999999999e+00
  8.4375000000000000e-01
  9.4374999999999998e-01
  1.1437500000000000e+00
  1.0687500000000001e+00
  8.3125000000000004e-01
  9.4687500000000002e-01
  1.1937500000000001e+00
  0.0000000000000000e+00
  4.1804599999999997e-01
  5.4604200000000003e-01
  1.8506600000000001e-01
42 1
  1.0812500000000000e+00
  8.4375000000000000e-01
  8.5625000000000007e-01
  1.0437500000000000e+00
  1.1437500000000000e+00
  9.4374999999999998e-01
  8.6875000000000002e-01
  1.0312500000000000e+00
  8.4687500000000004e-01
  9.9375000000000002e-01
  0.0000000000000000e+00
  1.3387199999999999e-01
  7.4415299999999995e-01
  2.1420400000000001e-01
43 1
  9.8124999999999996e-01
  9.4374999999999998e-01
  1.1562500000000000e+00
  1.1437500000000000e+00
  8.4375000000000000e-01
  8.4375000000000000e-01
  1.1687500000000000e+00
  1.1312500000000001e+00
  8.9687499999999998e-01
  8.9375000000000004e-01
  0.0000000000000000e+00
  9.1423500000000002e-01
 -3.4569000000000000e-01
  2.3044799999999999e-01
44 1
  1.1812499999999999e+00
  1.1437500000000000e+00
  9.5625000000000004e-01
  9.4374999999999998e-01
  1.0437500000000000e+00
  1.0437500000000000e+00
  9.6875000000000000e-01
  9.3125000000000002e-01
  9.9687499999999996e-01
  1.0937500000000000e+00
  0.0000000000000000e+00
  5.6335100000000005e-01
  9.9746599999999996e-01
  1.9835200000000000e-01
45 1
  8.1875000000000009e-01
  9.0625000000000000e-01
  1.0437500000000000e+00
  1.0312500000000000e+00
  1.0812500000000000e+00
  1.0562499999999999e+00
  9.0625000000000000e-01
  1.0687500000000001e+00
  9.1562500000000002e-01
  8.8125000000000009e-01
  0.0000000000000000e+00
  5.4383000000000004e-01
 -3.3683500000000000e-01
  2.2588100000000000e-01
46 1
  1.0187500000000000e+00
  1.1062500000000000e+00
  8.4375000000000000e-01
  8.3125000000000004e-01
  8.8125000000000009e-01
  8.5625000000000007e-01
  1.1062500000000000e+00
  8.6875000000000002e-01
  8.1562500000000004e-01
  1.0812500000000000e+00
  0.0000000000000000e+00
  5.0325299999999995e-01
  9.5869000000000004e-01
  2.0224500000000001e-01
47 1
  1.1187499999999999e+00
  8.0625000000000002e-01
  9.4374999999999998e-01
  1.1312500000000001e+00
  9.8124999999999996e-01
  1.1562500000000000e+00
  1.0062500000000001e+00
  1.1687500000000000e+00
  9.6562499999999996e-01
  9.8124999999999996e-01
  0.0000000000000000e+00
  9.3569499999999993e-03
  9.2537800000000003e-01
  2.1894800000000000e-01
48 1
  8.6875000000000002e-01
  1.1562500000000000e+00
  9.9375000000000002e-01
  9.8124999999999996e-01
  8.3125000000000004e-01
  1.0062500000000001e+00
  8.5625000000000007e-01
  1.1187499999999999e+00
  8.9062500000000000e-01
  1.0312500000000000e+00
  0.0000000000000000e+00
  7.0560400000000001e-01
  6.6149300000000000e-01
  2.1069499999999999e-01
49 1
  9.6875000000000000e-01
  8.5625000000000007e-01
  8.9375000000000004e-01
  1.0812500000000000e+00
  9.3125000000000002e-01
  9.0625000000000000e-01
  9.5625000000000004e-01
  8.1875000000000009e-01
  9.4062500000000004e-01
  9.3125000000000002e-01
  0.0000000000000000e+00
  5.0256400000000001e-01
 -1.4393300000000001e-01
  2.2734199999999999e-01
50 1
  1.1687500000000000e+00
  1.0562499999999999e+00
  1.0937500000000000e+00
  8.8125000000000009e-01
  1.1312500000000001e+00
  1.1062500000000000e+00
  1.1562500000000000e+00
  1.0187500000000000e+00
  8.4062500000000007e-01
  1.1312500000000001e+00
  0.0000000000000000e+00
  3.2021200000000000e-01
  9.8885500000000004e-01
  1.9366800000000001e-01
51 1
  8.4375000000000000e-01
  1.0812500000000000e+00
  8.6875000000000002e-01
  1.1062500000000000e+00
  1.0062500000000001e+00
  1.0812500000000000e+00
  8.8125000000000009e-01
  8.9375000000000004e-01
  8.5312500000000002e-01
  8.5625000000000007e-01
  0.0000000000000000e+00
  1.3245499999999999e-01
  3.4365400000000002e-01
  2.3815300000000000e-01
52 1
  1.0437500000000000e+00
  8.8125000000000009e-01
  1.0687500000000001e+00
  9.0625000000000000e-01
  8.0625000000000002e-01
  8.8125000000000009e-01
  1.0812500000000000e+00
  1.0937500000000000e+00
  9.5312500000000000e-01
  1.0562499999999999e+00
  0.0000000000000000e+00
  8.4558699999999998e-01
  4.6071800000000002e-01
  2.0450499999999999e-01
53 1
  9.4374999999999998e-01
  9.8124999999999996e-01
  9.6875000000000000e-01
  8.0625000000000002e-01
  1.1062500000000000e+00
  9.8124999999999996e-01
  9.8124999999999996e-01
  1.1937500000000001e+00
  9.0312500000000007e-01
  1.1562500000000000e+00
  0.0000000000000000e+00
  4.0914800000000001e-01
  5.3813999999999995e-01
  1.9121500000000000e-01
54 1
  1.1437500000000000e+00
  1.1812499999999999e+00
  1.1687500000000000e+00
  1.0062500000000001e+00
  9.0625000000000000e-01
  1.1812499999999999e+00
  1.1812499999999999e+00
  9.9375000000000002e-01
  8.0312500000000009e-01
  9.5625000000000004e-01
  0.0000000000000000e+00
  4.2249599999999998e-01
  9.5545500000000005e-01
  2.2100000000000000e-01
55 1
  8.9375000000000004e-01
  8.3125000000000004e-01
  1.1187499999999999e+00
  8.5625000000000007e-01
  8.5625000000000007e-01
  1.0312500000000000e+00
  9.3125000000000002e-01
  9.4374999999999998e-01
  9.2812499999999998e-01
  1.0062500000000001e+00
  0.0000000000000000e+00
  6.7699500000000001e-01
 -1.4634500000000000e-01
  2.1131600000000000e-01
56 1
  1.0937500000000000e+00
  1.0312500000000000e+00
  9.1874999999999996e-01
  1.0562499999999999e+00
  1.0562499999999999e+00
  8.3125000000000004e-01
  1.1312500000000001e+00
  1.1437500000000000e+00
  8.2812500000000000e-01
  8.0625000000000002e-01
  0.0000000000000000e+00
  6.1862799999999996e-01
  6.1677999999999999e-01
  2.4096300000000001e-01
57 1
  9.9375000000000002e-01
  1.1312500000000001e+00
  1.0187500000000000e+00
  1.1562500000000000e+00
  9.5625000000000004e-01
  9.3125000000000002e-01
  8.3125000000000004e-01
  1.0437500000000000e+00
  8.7812500000000004e-01
  9.0625000000000000e-01
  0.0000000000000000e+00
  7.2625200000000001e-01
 -1.0538900000000000e-01
  2.2731399999999999e-01
58 1
  1.1937500000000001e+00
  9.3125000000000002e-01
  8.1875000000000009e-01
  9.5625000000000004e-01
  1.1562500000000000e+00
  1.1312500000000001e+00
  1.0312500000000000e+00
  8.4375000000000000e-01
  9.7812500000000002e-01
  1.1062500000000000e+00
  0.0000000000000000e+00
 -5.3061100000000000e-02
  9.9932500000000002e-01
  1.9939100000000001e-01
59 1
  1.0031250000000000e+00
  8.6562500000000009e-01
  8.0937500000000007e-01
  1.1531250000000000e+00
  9.9062499999999998e-01
  1.0781250000000000e+00
  9.4062500000000004e-01
  1.1343749999999999e+00
  8.3906250000000004e-01
  9.5312500000000000e-01
  0.0000000000000000e+00
 -4.3937900000000002e-02
  7.4091200000000002e-01
  2.1835800000000000e-01
60 1
  9.0312500000000007e-01
  9.6562499999999996e-01
  1.1093750000000000e+00
  1.0531250000000001e+00
  1.0906250000000000e+00
  1.1781250000000001e+00
  1.0406249999999999e+00
  1.0343750000000000e+00
  8.8906249999999998e-01
  8.5312500000000002e-01
  0.0000000000000000e+00
  3.7058900000000000e-01
 -2.9672300000000001e-01
  2.3855999999999999e-01
61 1
  1.1031249999999999e+00
  1.1656249999999999e+00
  9.0937500000000004e-01
  8.5312500000000002e-01
  8.9062500000000000e-01
  9.7812500000000002e-01
  8.4062500000000007e-01
  8.3437500000000009e-01
  9.8906249999999996e-01
  1.0531250000000001e+00
  0.0000000000000000e+00
  6.7880700000000005e-01
  9.9909499999999996e-01
  2.0597900000000000e-01
62 1
  8.5312500000000002e-01
  8.1562500000000004e-01
  9.5937499999999998e-01
  1.0031250000000000e+00
  9.4062500000000004e-01
  8.2812500000000000e-01
  1.0906250000000000e+00
  8.8437500000000002e-01
  8.6406250000000007e-01
  9.0312500000000007e-01
  0.0000000000000000e+00
  7.0911100000000005e-01
 -3.8325500000000001e-01
  2.2530300000000000e-01
63 1
  1.0531250000000001e+00
  1.0156250000000000e+00
  1.1593750000000000e+00
  8.0312500000000009e-01
  1.1406250000000000e+00
  1.0281250000000000e+00
  8.9062500000000000e-01
  1.0843750000000001e+00
  9.6406250000000004e-01
  1.1031249999999999e+00
  0.0000000000000000e+00
  6.5604099999999999e-01
  7.7553700000000003e-01
  1.9849200000000000e-01
64 1
  9.5312500000000000e-01
  1.1156250000000001e+00
  8.5937500000000000e-01
  9.0312500000000007e-01
  8.4062500000000007e-01
  1.1281250000000000e+00
  1.1906249999999998e+00
  1.1843750000000000e+00
  9.1406250000000000e-01
  1.0031250000000000e+00
  0.0000000000000000e+00
 -1.8439400000000000e-01
  8.2544799999999996e-01
  2.1401899999999999e-01
65 1
  1.1531250000000000e+00
  9.1562500000000002e-01
  1.0593750000000000e+00
  1.1031249999999999e+00
  1.0406249999999999e+00
  9.2812499999999998e-01
  9.9062499999999998e-01
  9.8437500000000000e-01
  8.1406250000000002e-01
  8.0312500000000009e-01
  0.0000000000000000e+00
  5.7893399999999995e-01
  6.1377300000000001e-01
  2.4493300000000001e-01
66 1
  8.2812500000000000e-01
  9.4062500000000004e-01
  8.8437500000000002e-01
  8.7812500000000004e-01
  1.1156250000000001e+00
  8.5312500000000002e-01
  1.0656250000000000e+00
  1.1093750000000000e+00
  8.7656250000000002e-01
  1.1781250000000001e+00
  0.0000000000000000e+00
  5.5379800000000001e-01
 -3.0016399999999999e-01
  1.8611100000000000e-01
67 1
  1.0281250000000000e+00
  1.1406250000000000e+00
  1.0843750000000001e+00
  1.0781250000000000e+00
  9.1562500000000002e-01
  1.0531250000000001e+00
  8.6562500000000009e-01
  9.0937500000000004e-01
  9.7656250000000000e-01
  9.7812500000000002e-01
  0.0000000000000000e+00
  7.8855500000000001e-01
  6.5608900000000003e-01
  2.1915799999999999e-01
68 1
  9.2812499999999998e-01
  1.0406249999999999e+00
  9.8437500000000000e-01
  1.1781250000000001e+00
  1.0156250000000000e+00
  1.1531250000000000e+00
  1.1656249999999999e+00
  8.0937500000000007e-01
  9.2656249999999996e-01
  8.7812500000000004e-01
  0.0000000000000000e+00
  1.8070400000000000e-01
 -1.3305000000000000e-01
  2.3282600000000001e-01
69 1
  1.1281250000000000e+00
  8.4062500000000007e-01
  1.1843750000000000e+00
  9.7812500000000002e-01
  8.1562500000000004e-01
  9.5312500000000000e-01
  9.6562499999999996e-01
  1.0093749999999999e+00
  8.2656250000000009e-01
  1.0781250000000000e+00
  0.0000000000000000e+00
  6.3270599999999999e-01
  6.3675999999999999e-01
  2.0319400000000001e-01
70 1
  8.7812500000000004e-01
  1.1906249999999998e+00
  1.1343749999999999e+00
  1.1281250000000000e+00
  9.6562499999999996e-01
  8.0312500000000009e-01
  1.1156250000000001e+00
  1.0593750000000000e+00
  9.0156250000000004e-01
  9.2812499999999998e-01
  0.0000000000000000e+00
  9.2274999999999996e-01
 -2.7100200000000002e-01
  2.2601800000000000e-01
71 1
  1.0781250000000000e+00
  9.9062499999999998e-01
  9.3437499999999996e-01
  9.2812499999999998e-01
  1.1656249999999999e+00
  1.0031250000000000e+00
  9.1562500000000002e-01
  8.5937500000000000e-01
  8.0156250000000007e-01
  1.1281250000000000e+00
  0.0000000000000000e+00
  1.6339600000000001e-01
  9.2567999999999995e-01
  1.9319300000000000e-01
72 1
  9.7812500000000002e-01
  8.9062500000000000e-01
  1.0343750000000000e+00
  8.2812500000000000e-01
  8.6562500000000009e-01
  1.1031249999999999e+00
  1.0156250000000000e+00
  9.5937499999999998e-01
  8.5156250000000000e-01
  1.0281250000000000e+00
  0.0000000000000000e+00
  3.9737899999999998e-01
  9.1209499999999999e-01
  2.1160799999999999e-01
73 1
  1.1781250000000001e+00
  1.0906250000000000e+00
  8.3437500000000009e-01
  1.0281250000000000e+00
  1.0656250000000000e+00
  9.0312500000000007e-01
  8.1562500000000004e-01
  1.1593750000000000e+00
  9.5156249999999998e-01
  8.2812500000000000e-01
  0.0000000000000000e+00
  5.3256599999999998e-01
  9.9333800000000005e-01
  2.3507600000000001e-01
74 1
  1.0156250000000000e+00
  1.0531250000000001e+00
  9.7187500000000004e-01
  1.1406250000000000e+00
  8.0312500000000009e-01
  1.1906249999999998e+00
  1.0531250000000001e+00
  1.0468750000000000e+00
  8.3281250000000007e-01
  8.4062500000000007e-01
  0.0000000000000000e+00
  1.6023399999999999e-01
  7.8059000000000001e-01
  2.4070100000000000e-01
75 1
  9.1562500000000002e-01
  1.1531250000000000e+00
  1.0718749999999999e+00
  1.0406249999999999e+00
  1.1031249999999999e+00
  1.0906250000000000e+00
  9.5312500000000000e-01
  1.1468750000000001e+00
  8.8281250000000000e-01
  9.4062500000000004e-01
  0.0000000000000000e+00
  5.3619899999999998e-01
 -1.0990000000000000e-01
  2.1984000000000001e-01
76 1
  1.1156250000000001e+00
  9.5312500000000000e-01
  8.7187500000000007e-01
  8.4062500000000007e-01
  9.0312500000000007e-01
  8.9062500000000000e-01
  1.1531250000000000e+00
  9.4687500000000002e-01
  9.8281249999999998e-01
  1.1406250000000000e+00
  0.0000000000000000e+00
  5.0648099999999996e-01
  9.8689499999999997e-01
  1.9279600000000000e-01
77 1
  8.6562500000000009e-01
  1.0031250000000000e+00
  8.2187500000000002e-01
  1.0906250000000000e+00
  8.5312500000000002e-01
  9.4062500000000004e-01
  9.0312500000000007e-01
  9.9687499999999996e-01
  8.5781250000000009e-01
  8.9062500000000000e-01
  0.0000000000000000e+00
  3.2297799999999999e-01
  2.6771899999999998e-01
  2.3413900000000001e-01
78 1
  1.0656250000000000e+00
  8.0312500000000009e-01
  1.0218750000000001e+00
  8.9062500000000000e-01
  1.0531250000000001e+00
  1.1406250000000000e+00
  1.1031249999999999e+00
  1.1968749999999999e+00
  9.5781249999999996e-01
  1.0906250000000000e+00
  0.0000000000000000e+00
  1.0945800000000000e-01
  9.3139600000000000e-01
  2.0016500000000001e-01
79 1
  9.6562499999999996e-01
  9.0312500000000007e-01
  9.2187500000000000e-01
  9.9062499999999998e-01
  9.5312500000000000e-01
  1.0406249999999999e+00
  8.0312500000000009e-01
  1.0968750000000000e+00
  9.0781250000000002e-01
  1.1906249999999998e+00
  0.0000000000000000e+00
  2.5992999999999999e-01
  5.2384399999999998e-01
  1.8544500000000000e-01
80 1
  1.1656249999999999e+00
  1.1031249999999999e+00
  1.1218750000000000e+00
  1.1906249999999998e+00
  1.1531250000000000e+00
  8.4062500000000007e-01
  1.0031250000000000e+00
  8.9687499999999998e-01
  8.0781250000000004e-01
  9.9062499999999998e-01
  0.0000000000000000e+00
  6.8833599999999995e-01
  2.2985800000000001e-01
  2.1379699999999999e-01
81 1
  8.4062500000000007e-01
  1.1281250000000000e+00
  9.4687500000000002e-01
  8.1562500000000004e-01
  1.0781250000000000e+00
  9.6562499999999996e-01
  9.2812499999999998e-01
  1.0218750000000001e+00
  8.9531250000000007e-01
  1.0156250000000000e+00
  0.0000000000000000e+00
  5.1452299999999995e-01
  1.8795500000000001e-01
  2.1369099999999999e-01
82 1
  1.0406249999999999e+00
  9.2812499999999998e-01
  1.1468750000000001e+00
  1.0156250000000000e+00
  8.7812500000000004e-01
  1.1656249999999999e+00
  1.1281250000000000e+00
  8.2187500000000002e-01
  9.9531250000000004e-01
  8.1562500000000004e-01
  0.0000000000000000e+00
  5.8939600000000003e-01
  6.1365800000000004e-01
  2.3640500000000000e-01
83 1
  9.4062500000000004e-01
  8.2812500000000000e-01
  8.4687500000000004e-01
  1.1156250000000001e+00
  1.1781250000000001e+00
  1.0656250000000000e+00
  8.2812500000000000e-01
  9.2187500000000000e-01
  9.4531250000000000e-01
  9.1562500000000002e-01
  0.0000000000000000e+00
 -2.9347399999999999e-02
 -6.8889599999999995e-02
  2.2875000000000001e-01
84 1
  1.1406250000000000e+00
  1.0281250000000000e+00
  1.0468750000000000e+00
  9.1562500000000002e-01
  9.7812500000000002e-01
  8.6562500000000009e-01
  1.0281250000000000e+00
  1.1218750000000000e+00
  8.4531250000000002e-01
  1.1156250000000001e+00
  0.0000000000000000e+00
  6.9560599999999995e-01
  8.9373599999999997e-01
  1.9494100000000000e-01
85 1
  8.9062500000000000e-01
  9.7812500000000002e-01
  1.0968750000000000e+00
  1.1656249999999999e+00
  8.2812500000000000e-01
  9.1562500000000002e-01
  8.7812500000000004e-01
  1.1718750000000000e+00
  9.2031249999999998e-01
  8.6562500000000009e-01
  0.0000000000000000e+00
  8.7453700000000001e-01
 -3.6637399999999998e-01
  2.3074400000000000e-01
86 1
  1.0906250000000000e+00
  1.1781250000000001e+00
  8.9687499999999998e-01
  9.6562499999999996e-01
  1.0281250000000000e+00
  1.1156250000000001e+00
  1.0781250000000000e+00
  9.7187500000000004e-01
  8.2031250000000000e-01
  1.0656250000000000e+00
  0.0000000000000000e+00
  1.4744599999999999e-01
  9.9117299999999997e-01
  2.0562100000000000e-01
87 1
  9.9062499999999998e-01
  1.0781250000000000e+00
  1.1968749999999999e+00
  8.6562500000000009e-01
  9.2812499999999998e-01
  1.0156250000000000e+00
  9.7812500000000002e-01
  8.7187500000000007e-01
  8.7031250000000004e-01
  1.1656249999999999e+00
  0.0000000000000000e+00
  7.2547200000000001e-01
  3.6892599999999998e-01
  1.8694600000000000e-01
88 1
  1.1906249999999998e+00
  8.7812500000000004e-01
  9.9687499999999996e-01
  1.0656250000000000e+00
  1.1281250000000000e+00
  8.1562500000000004e-01
  1.1781250000000001e+00
  1.0718749999999999e+00
  9.7031250000000002e-01
  9.6562499999999996e-01
  0.0000000000000000e+00
  8.1254400000000004e-01
  7.1546100000000001e-01
  2.1936900000000001e-01
89 1
  8.0937500000000007e-01
  9.5937499999999998e-01
  9.7812500000000002e-01
  1.1218750000000000e+00
  8.8437500000000002e-01
  1.1468750000000001e+00
  9.5937499999999998e-01
  1.0781250000000000e+00
  8.4843750000000007e-01
  1.0718749999999999e+00
  0.0000000000000000e+00
  1.3882000000000000e-01
 -1.2874099999999999e-01
  2.0329400000000000e-01
90 1
  1.0093749999999999e+00
  1.1593750000000000e+00
  1.1781250000000001e+00
  9.2187500000000000e-01
  1.0843750000000001e+00
  9.4687500000000002e-01
  1.1593750000000000e+00
  8.7812500000000004e-01
  9.4843750000000004e-01
  8.7187500000000007e-01
  0.0000000000000000e+00
  8.7155600000000000e-01
  1.2494800000000000e-01
  2.3555100000000001e-01
91 1
  9.0937500000000004e-01
  1.0593750000000000e+00
  8.7812500000000004e-01
  8.2187500000000002e-01
  9.8437500000000000e-01
  8.4687500000000004e-01
  8.5937500000000000e-01
  9.7812500000000002e-01
  9.9843749999999998e-01
  9.7187500000000004e-01
  0.0000000000000000e+00
  7.2372599999999998e-01
  4.4800899999999999e-01
  2.1616700000000000e-01
92 1
  1.1093750000000000e+00
  8.5937500000000000e-01
  1.0781250000000000e+00
  1.0218750000000001e+00
  1.1843750000000000e+00
  1.0468750000000000e+00
  1.0593750000000000e+00
  1.1781250000000001e+00
  8.9843750000000000e-01
  1.1718750000000000e+00
  0.0000000000000000e+00
  4.2274200000000001e-01
  6.1650300000000002e-01
  1.8770400000000001e-01
93 1
  8.5937500000000000e-01
  1.1093750000000000e+00
  1.0281250000000000e+00
  8.7187500000000007e-01
  1.0343750000000000e+00
  1.1968749999999999e+00
  8.0937500000000007e-01
  1.1281250000000000e+00
  9.7343749999999996e-01
  8.2187500000000002e-01
  0.0000000000000000e+00
  4.1810999999999998e-01
  8.2664800000000005e-01
  2.4456300000000000e-01
94 1
  1.0593750000000000e+00
  9.0937500000000004e-01
  8.2812500000000000e-01
  1.0718749999999999e+00
  8.3437500000000009e-01
  9.9687499999999996e-01
  1.0093749999999999e+00
  9.2812499999999998e-01
  8.7343750000000009e-01
  1.0218750000000001e+00
  0.0000000000000000e+00
  2.9863400000000001e-01
  9.5861799999999997e-01
  2.1168200000000001e-01
95 1
  1.1593750000000000e+00
  1.0093749999999999e+00
  9.2812499999999998e-01
  9.7187500000000004e-01
  9.3437499999999996e-01
  1.0968750000000000e+00
  1.1093750000000000e+00
  1.0281250000000000e+00
  9.2343750000000002e-01
  9.2187500000000000e-01
  0.0000000000000000e+00
  2.0949599999999999e-01
  9.9430499999999999e-01
  2.2398799999999999e-01
96 1
  8.3437500000000009e-01
  1.0343750000000000e+00
  1.1031249999999999e+00
  1.0468750000000000e+00
  8.0937500000000007e-01
  1.1218750000000000e+00
  8.3437500000000009e-01
  8.5312500000000002e-01
  9.8593750000000002e-01
  1.0968750000000000e+00
  0.0000000000000000e+00
  5.2170700000000003e-01
 -1.2914800000000001e-01
  2.0060100000000000e-01
97 1
  1.0343750000000000e+00
  8.3437500000000009e-01
  9.0312500000000007e-01
  8.4687500000000004e-01
  1.0093749999999999e+00
  9.2187500000000000e-01
  1.0343750000000000e+00
  1.0531250000000001e+00
  8.8593750000000004e-01
  8.9687499999999998e-01
  0.0000000000000000e+00
  3.5441000000000000e-01
  8.7878500000000004e-01
  2.2858999999999999e-01
98 1
  9.3437499999999996e-01
  9.3437499999999996e-01
  1.0031250000000000e+00
  9.4687500000000002e-01
  9.0937500000000004e-01
  8.2187500000000002e-01
  9.3437499999999996e-01
  1.1531250000000000e+00
  8.3593750000000000e-01
  9.9687499999999996e-01
  0.0000000000000000e+00
  7.4659399999999998e-01
 -1.6134699999999999e-01
  2.1582499999999999e-01
99 1
  1.1343749999999999e+00
  1.1343749999999999e+00
  8.0312500000000009e-01
  1.1468750000000001e+00
  1.1093750000000000e+00
  1.0218750000000001e+00
  1.1343749999999999e+00
  9.5312500000000000e-01
  9.3593749999999998e-01
  1.1968749999999999e+00
  0.0000000000000000e+00
  2.4409299999999998e-02
  9.5218700000000001e-01
  1.8318699999999999e-01
100 1
  8.8437500000000002e-01
  8.8437500000000002e-01
  8.5312500000000002e-01
  9.9687499999999996e-01
  1.0593750000000000e+00
  1.1718750000000000e+00
  9.8437500000000000e-01
  9.0312500000000007e-01
  8.1093750000000009e-01
  8.4687500000000004e-01
  0.0000000000000000e+00
 -1.0919200000000000e-01
  5.1968000000000003e-01
  2.3443100000000000e-01
PSUADE_IO
PSUADE
INPUT
   dimension = 10
   variable 1 UQ_dH1  =   8.0000000000000004e-01   1.2000000000000000e+00
   variable 2 UQ_dH2  =   8.0000000000000004e-01   1.2000000000000000e+00
   variable 3 UQ_dH3  =   8.0000000000000004e-01   1.2000000000000000e+00
   variable 4 UQ_dS1  =   8.0000000000000004e-01   1.2000000000000000e+00
   variable 5 UQ_dS2  =   8.0000000000000004e-01   1.2000000000000000e+00
   variable 6 UQ_dS3  =   8.0000000000000004e-01   1.2000000000000000e+00
   variable 7 UQ_E2  =   8.0000000000000004e-01   1.2000000000000000e+00
   variable 8 UQ_E3  =   8.0000000000000004e-01   1.2000000000000000e+00
   variable 9 UQ_nv  =   8.0000000000000004e-01   1.0000000000000000e+00
   variable 10 UQ_emf  =   8.0000000000000004e-01   1.2000000000000000e+00
END
OUTPUT
   dimension = 4
   variable 1 status
   variable 2 removalCO2
   variable 3 removalH2O
   variable 4 dPads
END
METHOD
   sampling = MC
#  sampling = FACT
#  sampling = LH
#  sampling = OA
#  sampling = OALH
#  sampling = MOAT
#  sampling = SOBOL
#  sampling = LPTAU
#  sampling = METIS
#  sampling = FAST
#  sampling = BBD
#  sampling = PBD
#  sampling = FF4
#  sampling = FF5
#  sampling = CCI4
#  sampling = CCI5
#  sampling = CCIF
#  sampling = CCF4
#  sampling = CCF5
#  sampling = CCFF
#  sampling = CCC4
#  sampling = CCC5
#  sampling = CCCF
#  sampling = SFAST
#  sampling = UMETIS
#  sampling = GMOAT
#  sampling = GMETIS
#  sampling = SPARSEGRID
#  sampling = LSA
#  sampling = RFF4
#  sampling = RFF5
   num_samples = 100
   num_replications = 1
   num_refinements = 0
   refinement_size = 10000000
   reference_num_refinements = 0
#  refinement_type = adaptive
#  randomize
#  randomize_more
#  random_seed = 2147483647
END
APPLICATION
   driver = NONE
   opt_driver = NONE
   aux_opt_driver = NONE
#  max_parallel_jobs = 1
#  min_job_wait_time = 1
   max_job_wait_time = 1000000
#  nondeterministic
#  launch_only
#  limited_launch_only
#  gen_inputfile_only
#  launch_interval = 1
#  save_frequency = 1000000
END
ANALYSIS
#  analyzer method = Moment
#  analyzer method = MainEffect
#  analyzer method = TwoParamEffect
#  analyzer method = ANOVA
#  analyzer method = GLSA
#  analyzer method = RSFA
#  analyzer method = MOAT
#  analyzer method = Sobol
#  analyzer method = Correlation
#  analyzer method = Integration
#  analyzer method = FAST
#  analyzer method = FF
#  analyzer method = PCA
#  analyzer method = ARSM0
#  analyzer method = FORM
#  analyzer method = RSMSobol1
#  analyzer method = RSMSobol2
#  analyzer method = RSMSobolTSI
#  analyzer method = Bootstrap
#  analyzer method = RSMSobolG
#  analyzer method = ARSMNN
#  analyzer method = ARSM1
#  analyzer method = REL
#  analyzer method = AOPT
#  analyzer method = GOWER
#  analyzer method = DELTA
#  analyzer method = ETA
#  analyzer method = ARSMG
#  analyzer method = LSA
   analyzer output_id  = 1
   analyzer rstype = MARS
#  analyzer rstype = linear
#  analyzer rstype = quadratic
#  analyzer rstype = cubic
#  analyzer rstype = quartic
#  analyzer rstype = ANN
#  analyzer rstype = selective_regression
#  analyzer rstype = GP1
#  analyzer rstype = GP2
#  analyzer rstype = SVM
#  analyzer rstype = PWL
#  analyzer rstype = TGP
#  analyzer rstype = MARSBag
#  analyzer rstype = EARTH
#  analyzer rstype = sum_of_trees
#  analyzer rstype = Legendre
#  analyzer rstype = user_regression
#  analyzer rstype = sparse_grid_regression
#  analyzer rstype = Kriging
#  analyzer rstype = Splines
#  analyzer rstype = KNN
#  analyzer rs_legendre_order = -1
#  analyzer regression_wgt_id = -1
#  graphics
#  sample_graphics
   analyzer threshold = 1.000000e+00
#  rs_max_pts = 4000
#  analyzer rs_constraint = psData indexFile Lbound Ubound
#  analyzer moat_constraint = psData indexFile Lbound Ubound
#  analyzer rs_index_file = indexFile
#  optimization method = crude
#  optimization method = txmath
#  optimization method = appspack
#  optimization method = minpack
#  optimization method = cobyla
#  optimization method = sm
#  optimization method = mm
#  optimization method = mm_adaptive
#  optimization method = bobyqa
#  optimization method = sce
#  optimization num_local_minima = 0
#  optimization use_response_surface
#  optimization print_level = 0
#  optimization num_fmin = 0
#  optimization output_id = 0
#  optimization max_feval = 10000
#  optimization deltax = 1.0e-6
#  optimization fmin = not defined
#  optimization cutoff = not defined
#  optimization tolerance = not defined
   diagnostics 1
#  file_write matlab
#  use_config_file = NONE
#  use_input_pdfs
#  constraint_op_and
#  interactive
END
END
