# NAMESHAVENODES
PSUADE_IO (Note : inputs not true inputs if pdf ~=U)
1 8 100
1 0
  1.0031747002448769e+02
 9.9999999999999997e+34
 9.9999999999999997e+34
 9.9999999999999997e+34
 9.9999999999999997e+34
 9.9999999999999997e+34
 9.9999999999999997e+34
 9.9999999999999997e+34
 9.9999999999999997e+34
2 0
  6.1136816368502011e+01
 9.9999999999999997e+34
 9.9999999999999997e+34
 9.9999999999999997e+34
 9.9999999999999997e+34
 9.9999999999999997e+34
 9.9999999999999997e+34
 9.9999999999999997e+34
 9.9999999999999997e+34
3 0
  6.3161887294688214e+01
 9.9999999999999997e+34
 9.9999999999999997e+34
 9.9999999999999997e+34
 9.9999999999999997e+34
 9.9999999999999997e+34
 9.9999999999999997e+34
 9.9999999999999997e+34
 9.9999999999999997e+34
4 0
  8.6706786865231948e+01
 9.9999999999999997e+34
 9.9999999999999997e+34
 9.9999999999999997e+34
 9.9999999999999997e+34
 9.9999999999999997e+34
 9.9999999999999997e+34
 9.9999999999999997e+34
 9.9999999999999997e+34
5 0
  1.3346053572998409e+02
 9.9999999999999997e+34
 9.9999999999999997e+34
 9.9999999999999997e+34
 9.9999999999999997e+34
 9.9999999999999997e+34
 9.9999999999999997e+34
 9.9999999999999997e+34
 9.9999999999999997e+34
6 0
  1.4484602776954233e+02
 9.9999999999999997e+34
 9.9999999999999997e+34
 9.9999999999999997e+34
 9.9999999999999997e+34
 9.9999999999999997e+34
 9.9999999999999997e+34
 9.9999999999999997e+34
 9.9999999999999997e+34
7 0
  9.0009394169789459e+01
 9.9999999999999997e+34
 9.9999999999999997e+34
 9.9999999999999997e+34
 9.9999999999999997e+34
 9.9999999999999997e+34
 9.9999999999999997e+34
 9.9999999999999997e+34
 9.9999999999999997e+34
8 0
  1.4889206649683979e+02
 9.9999999999999997e+34
 9.9999999999999997e+34
 9.9999999999999997e+34
 9.9999999999999997e+34
 9.9999999999999997e+34
 9.9999999999999997e+34
 9.9999999999999997e+34
 9.9999999999999997e+34
9 0
  1.1995271169205787e+02
 9.9999999999999997e+34
 9.9999999999999997e+34
 9.9999999999999997e+34
 9.9999999999999997e+34
 9.9999999999999997e+34
 9.9999999999999997e+34
 9.9999999999999997e+34
 9.9999999999999997e+34
10 0
  9.3397407708874624e+01
 9.9999999999999997e+34
 9.9999999999999997e+34
 9.9999999999999997e+34
 9.9999999999999997e+34
 9.9999999999999997e+34
 9.9999999999999997e+34
 9.9999999999999997e+34
 9.9999999999999997e+34
11 0
  1.2820163118522692e+02
 9.9999999999999997e+34
 9.9999999999999997e+34
 9.9999999999999997e+34
 9.9999999999999997e+34
 9.9999999999999997e+34
 9.9999999999999997e+34
 9.9999999999999997e+34
 9.9999999999999997e+34
12 0
  1.0419250346729183e+02
 9.9999999999999997e+34
 9.9999999999999997e+34
 9.9999999999999997e+34
 9.9999999999999997e+34
 9.9999999999999997e+34
 9.9999999999999997e+34
 9.9999999999999997e+34
 9.9999999999999997e+34
13 0
  6.6320265961494414e+01
 9.9999999999999997e+34
 9.9999999999999997e+34
 9.9999999999999997e+34
 9.9999999999999997e+34
 9.9999999999999997e+34
 9.9999999999999997e+34
 9.9999999999999997e+34
 9.9999999999999997e+34
14 0
  1.4382204890475703e+02
 9.9999999999999997e+34
 9.9999999999999997e+34
 9.9999999999999997e+34
 9.9999999999999997e+34
 9.9999999999999997e+34
 9.9999999999999997e+34
 9.9999999999999997e+34
 9.9999999999999997e+34
15 0
  6.4366679987575253e+01
 9.9999999999999997e+34
 9.9999999999999997e+34
 9.9999999999999997e+34
 9.9999999999999997e+34
 9.9999999999999997e+34
 9.9999999999999997e+34
 9.9999999999999997e+34
 9.9999999999999997e+34
16 0
  1.2294371143632742e+02
 9.9999999999999997e+34
 9.9999999999999997e+34
 9.9999999999999997e+34
 9.9999999999999997e+34
 9.9999999999999997e+34
 9.9999999999999997e+34
 9.9999999999999997e+34
 9.9999999999999997e+34
17 0
  1.1372983782958698e+02
 9.9999999999999997e+34
 9.9999999999999997e+34
 9.9999999999999997e+34
 9.9999999999999997e+34
 9.9999999999999997e+34
 9.9999999999999997e+34
 9.9999999999999997e+34
 9.9999999999999997e+34
18 0
  8.1966106043181426e+01
 9.9999999999999997e+34
 9.9999999999999997e+34
 9.9999999999999997e+34
 9.9999999999999997e+34
 9.9999999999999997e+34
 9.9999999999999997e+34
 9.9999999999999997e+34
 9.9999999999999997e+34
19 0
  7.1261003815224868e+01
 9.9999999999999997e+34
 9.9999999999999997e+34
 9.9999999999999997e+34
 9.9999999999999997e+34
 9.9999999999999997e+34
 9.9999999999999997e+34
 9.9999999999999997e+34
 9.9999999999999997e+34
20 0
  6.7396227508502193e+01
 9.9999999999999997e+34
 9.9999999999999997e+34
 9.9999999999999997e+34
 9.9999999999999997e+34
 9.9999999999999997e+34
 9.9999999999999997e+34
 9.9999999999999997e+34
 9.9999999999999997e+34
21 0
  9.4124829597829290e+01
 9.9999999999999997e+34
 9.9999999999999997e+34
 9.9999999999999997e+34
 9.9999999999999997e+34
 9.9999999999999997e+34
 9.9999999999999997e+34
 9.9999999999999997e+34
 9.9999999999999997e+34
22 0
  8.3532268812196463e+01
 9.9999999999999997e+34
 9.9999999999999997e+34
 9.9999999999999997e+34
 9.9999999999999997e+34
 9.9999999999999997e+34
 9.9999999999999997e+34
 9.9999999999999997e+34
 9.9999999999999997e+34
23 0
  1.2135273444343019e+02
 9.9999999999999997e+34
 9.9999999999999997e+34
 9.9999999999999997e+34
 9.9999999999999997e+34
 9.9999999999999997e+34
 9.9999999999999997e+34
 9.9999999999999997e+34
 9.9999999999999997e+34
24 0
  1.3100101149501324e+02
 9.9999999999999997e+34
 9.9999999999999997e+34
 9.9999999999999997e+34
 9.9999999999999997e+34
 9.9999999999999997e+34
 9.9999999999999997e+34
 9.9999999999999997e+34
 9.9999999999999997e+34
25 0
  5.0461684045131172e+01
 9.9999999999999997e+34
 9.9999999999999997e+34
 9.9999999999999997e+34
 9.9999999999999997e+34
 9.9999999999999997e+34
 9.9999999999999997e+34
 9.9999999999999997e+34
 9.9999999999999997e+34
26 0
  5.1839220139123135e+01
 9.9999999999999997e+34
 9.9999999999999997e+34
 9.9999999999999997e+34
 9.9999999999999997e+34
 9.9999999999999997e+34
 9.9999999999999997e+34
 9.9999999999999997e+34
 9.9999999999999997e+34
27 0
  1.1189243877022174e+02
 9.9999999999999997e+34
 9.9999999999999997e+34
 9.9999999999999997e+34
 9.9999999999999997e+34
 9.9999999999999997e+34
 9.9999999999999997e+34
 9.9999999999999997e+34
 9.9999999999999997e+34
28 0
  1.0363749822631362e+02
 9.9999999999999997e+34
 9.9999999999999997e+34
 9.9999999999999997e+34
 9.9999999999999997e+34
 9.9999999999999997e+34
 9.9999999999999997e+34
 9.9999999999999997e+34
 9.9999999999999997e+34
29 0
  1.2926203390223068e+02
 9.9999999999999997e+34
 9.9999999999999997e+34
 9.9999999999999997e+34
 9.9999999999999997e+34
 9.9999999999999997e+34
 9.9999999999999997e+34
 9.9999999999999997e+34
 9.9999999999999997e+34
30 0
  5.5960593746025395e+01
 9.9999999999999997e+34
 9.9999999999999997e+34
 9.9999999999999997e+34
 9.9999999999999997e+34
 9.9999999999999997e+34
 9.9999999999999997e+34
 9.9999999999999997e+34
 9.9999999999999997e+34
31 0
  7.0142096621516203e+01
 9.9999999999999997e+34
 9.9999999999999997e+34
 9.9999999999999997e+34
 9.9999999999999997e+34
 9.9999999999999997e+34
 9.9999999999999997e+34
 9.9999999999999997e+34
 9.9999999999999997e+34
32 0
  1.3284621000515585e+02
 9.9999999999999997e+34
 9.9999999999999997e+34
 9.9999999999999997e+34
 9.9999999999999997e+34
 9.9999999999999997e+34
 9.9999999999999997e+34
 9.9999999999999997e+34
 9.9999999999999997e+34
33 0
  7.4058890261249104e+01
 9.9999999999999997e+34
 9.9999999999999997e+34
 9.9999999999999997e+34
 9.9999999999999997e+34
 9.9999999999999997e+34
 9.9999999999999997e+34
 9.9999999999999997e+34
 9.9999999999999997e+34
34 0
  7.7036248071601733e+01
 9.9999999999999997e+34
 9.9999999999999997e+34
 9.9999999999999997e+34
 9.9999999999999997e+34
 9.9999999999999997e+34
 9.9999999999999997e+34
 9.9999999999999997e+34
 9.9999999999999997e+34
35 0
  1.0187548871798231e+02
 9.9999999999999997e+34
 9.9999999999999997e+34
 9.9999999999999997e+34
 9.9999999999999997e+34
 9.9999999999999997e+34
 9.9999999999999997e+34
 9.9999999999999997e+34
 9.9999999999999997e+34
36 0
  1.4256905739594674e+02
 9.9999999999999997e+34
 9.9999999999999997e+34
 9.9999999999999997e+34
 9.9999999999999997e+34
 9.9999999999999997e+34
 9.9999999999999997e+34
 9.9999999999999997e+34
 9.9999999999999997e+34
37 0
  1.2335433237457384e+02
 9.9999999999999997e+34
 9.9999999999999997e+34
 9.9999999999999997e+34
 9.9999999999999997e+34
 9.9999999999999997e+34
 9.9999999999999997e+34
 9.9999999999999997e+34
 9.9999999999999997e+34
38 0
  1.3852794129751993e+02
 9.9999999999999997e+34
 9.9999999999999997e+34
 9.9999999999999997e+34
 9.9999999999999997e+34
 9.9999999999999997e+34
 9.9999999999999997e+34
 9.9999999999999997e+34
 9.9999999999999997e+34
39 0
  1.4916393122364019e+02
 9.9999999999999997e+34
 9.9999999999999997e+34
 9.9999999999999997e+34
 9.9999999999999997e+34
 9.9999999999999997e+34
 9.9999999999999997e+34
 9.9999999999999997e+34
 9.9999999999999997e+34
40 0
  7.8464438259352207e+01
 9.9999999999999997e+34
 9.9999999999999997e+34
 9.9999999999999997e+34
 9.9999999999999997e+34
 9.9999999999999997e+34
 9.9999999999999997e+34
 9.9999999999999997e+34
 9.9999999999999997e+34
41 0
  1.3402278830903714e+02
 9.9999999999999997e+34
 9.9999999999999997e+34
 9.9999999999999997e+34
 9.9999999999999997e+34
 9.9999999999999997e+34
 9.9999999999999997e+34
 9.9999999999999997e+34
 9.9999999999999997e+34
42 0
  1.1774632865877186e+02
 9.9999999999999997e+34
 9.9999999999999997e+34
 9.9999999999999997e+34
 9.9999999999999997e+34
 9.9999999999999997e+34
 9.9999999999999997e+34
 9.9999999999999997e+34
 9.9999999999999997e+34
43 0
  8.9012614286976230e+01
 9.9999999999999997e+34
 9.9999999999999997e+34
 9.9999999999999997e+34
 9.9999999999999997e+34
 9.9999999999999997e+34
 9.9999999999999997e+34
 9.9999999999999997e+34
 9.9999999999999997e+34
44 0
  1.3565067408357314e+02
 9.9999999999999997e+34
 9.9999999999999997e+34
 9.9999999999999997e+34
 9.9999999999999997e+34
 9.9999999999999997e+34
 9.9999999999999997e+34
 9.9999999999999997e+34
 9.9999999999999997e+34
45 0
  8.5148459259024108e+01
 9.9999999999999997e+34
 9.9999999999999997e+34
 9.9999999999999997e+34
 9.9999999999999997e+34
 9.9999999999999997e+34
 9.9999999999999997e+34
 9.9999999999999997e+34
 9.9999999999999997e+34
46 0
  1.1212040269194191e+02
 9.9999999999999997e+34
 9.9999999999999997e+34
 9.9999999999999997e+34
 9.9999999999999997e+34
 9.9999999999999997e+34
 9.9999999999999997e+34
 9.9999999999999997e+34
 9.9999999999999997e+34
47 0
  1.1635296568616897e+02
 9.9999999999999997e+34
 9.9999999999999997e+34
 9.9999999999999997e+34
 9.9999999999999997e+34
 9.9999999999999997e+34
 9.9999999999999997e+34
 9.9999999999999997e+34
 9.9999999999999997e+34
48 0
  1.0774173033784224e+02
 9.9999999999999997e+34
 9.9999999999999997e+34
 9.9999999999999997e+34
 9.9999999999999997e+34
 9.9999999999999997e+34
 9.9999999999999997e+34
 9.9999999999999997e+34
 9.9999999999999997e+34
49 0
  7.6121692552753586e+01
 9.9999999999999997e+34
 9.9999999999999997e+34
 9.9999999999999997e+34
 9.9999999999999997e+34
 9.9999999999999997e+34
 9.9999999999999997e+34
 9.9999999999999997e+34
 9.9999999999999997e+34
50 0
  1.0950704351649948e+02
 9.9999999999999997e+34
 9.9999999999999997e+34
 9.9999999999999997e+34
 9.9999999999999997e+34
 9.9999999999999997e+34
 9.9999999999999997e+34
 9.9999999999999997e+34
 9.9999999999999997e+34
51 0
  8.8035419680194650e+01
 9.9999999999999997e+34
 9.9999999999999997e+34
 9.9999999999999997e+34
 9.9999999999999997e+34
 9.9999999999999997e+34
 9.9999999999999997e+34
 9.9999999999999997e+34
 9.9999999999999997e+34
52 0
  6.9816051402974892e+01
 9.9999999999999997e+34
 9.9999999999999997e+34
 9.9999999999999997e+34
 9.9999999999999997e+34
 9.9999999999999997e+34
 9.9999999999999997e+34
 9.9999999999999997e+34
 9.9999999999999997e+34
53 0
  6.5814076945564750e+01
 9.9999999999999997e+34
 9.9999999999999997e+34
 9.9999999999999997e+34
 9.9999999999999997e+34
 9.9999999999999997e+34
 9.9999999999999997e+34
 9.9999999999999997e+34
 9.9999999999999997e+34
54 0
  1.4155599191251954e+02
 9.9999999999999997e+34
 9.9999999999999997e+34
 9.9999999999999997e+34
 9.9999999999999997e+34
 9.9999999999999997e+34
 9.9999999999999997e+34
 9.9999999999999997e+34
 9.9999999999999997e+34
55 0
  1.3652531489800910e+02
 9.9999999999999997e+34
 9.9999999999999997e+34
 9.9999999999999997e+34
 9.9999999999999997e+34
 9.9999999999999997e+34
 9.9999999999999997e+34
 9.9999999999999997e+34
 9.9999999999999997e+34
56 0
  7.5357122966254650e+01
 9.9999999999999997e+34
 9.9999999999999997e+34
 9.9999999999999997e+34
 9.9999999999999997e+34
 9.9999999999999997e+34
 9.9999999999999997e+34
 9.9999999999999997e+34
 9.9999999999999997e+34
57 0
  9.2337532935355568e+01
 9.9999999999999997e+34
 9.9999999999999997e+34
 9.9999999999999997e+34
 9.9999999999999997e+34
 9.9999999999999997e+34
 9.9999999999999997e+34
 9.9999999999999997e+34
 9.9999999999999997e+34
58 0
  9.7267142062665499e+01
 9.9999999999999997e+34
 9.9999999999999997e+34
 9.9999999999999997e+34
 9.9999999999999997e+34
 9.9999999999999997e+34
 9.9999999999999997e+34
 9.9999999999999997e+34
 9.9999999999999997e+34
59 0
  1.1819302920773302e+02
 9.9999999999999997e+34
 9.9999999999999997e+34
 9.9999999999999997e+34
 9.9999999999999997e+34
 9.9999999999999997e+34
 9.9999999999999997e+34
 9.9999999999999997e+34
 9.9999999999999997e+34
60 0
  9.6320950391386148e+01
 9.9999999999999997e+34
 9.9999999999999997e+34
 9.9999999999999997e+34
 9.9999999999999997e+34
 9.9999999999999997e+34
 9.9999999999999997e+34
 9.9999999999999997e+34
 9.9999999999999997e+34
61 0
  1.4014686440357326e+02
 9.9999999999999997e+34
 9.9999999999999997e+34
 9.9999999999999997e+34
 9.9999999999999997e+34
 9.9999999999999997e+34
 9.9999999999999997e+34
 9.9999999999999997e+34
 9.9999999999999997e+34
62 0
  1.0285446618863125e+02
 9.9999999999999997e+34
 9.9999999999999997e+34
 9.9999999999999997e+34
 9.9999999999999997e+34
 9.9999999999999997e+34
 9.9999999999999997e+34
 9.9999999999999997e+34
 9.9999999999999997e+34
63 0
  5.2258830870622226e+01
 9.9999999999999997e+34
 9.9999999999999997e+34
 9.9999999999999997e+34
 9.9999999999999997e+34
 9.9999999999999997e+34
 9.9999999999999997e+34
 9.9999999999999997e+34
 9.9999999999999997e+34
64 0
  1.3726534923457791e+02
 9.9999999999999997e+34
 9.9999999999999997e+34
 9.9999999999999997e+34
 9.9999999999999997e+34
 9.9999999999999997e+34
 9.9999999999999997e+34
 9.9999999999999997e+34
 9.9999999999999997e+34
65 0
  1.4598304721898540e+02
 9.9999999999999997e+34
 9.9999999999999997e+34
 9.9999999999999997e+34
 9.9999999999999997e+34
 9.9999999999999997e+34
 9.9999999999999997e+34
 9.9999999999999997e+34
 9.9999999999999997e+34
66 0
  1.2633365665717686e+02
 9.9999999999999997e+34
 9.9999999999999997e+34
 9.9999999999999997e+34
 9.9999999999999997e+34
 9.9999999999999997e+34
 9.9999999999999997e+34
 9.9999999999999997e+34
 9.9999999999999997e+34
67 0
  8.7548665912611725e+01
 9.9999999999999997e+34
 9.9999999999999997e+34
 9.9999999999999997e+34
 9.9999999999999997e+34
 9.9999999999999997e+34
 9.9999999999999997e+34
 9.9999999999999997e+34
 9.9999999999999997e+34
68 0
  6.8704526970491060e+01
 9.9999999999999997e+34
 9.9999999999999997e+34
 9.9999999999999997e+34
 9.9999999999999997e+34
 9.9999999999999997e+34
 9.9999999999999997e+34
 9.9999999999999997e+34
 9.9999999999999997e+34
69 0
  5.4534909002731979e+01
 9.9999999999999997e+34
 9.9999999999999997e+34
 9.9999999999999997e+34
 9.9999999999999997e+34
 9.9999999999999997e+34
 9.9999999999999997e+34
 9.9999999999999997e+34
 9.9999999999999997e+34
70 0
  5.3136309586063170e+01
 9.9999999999999997e+34
 9.9999999999999997e+34
 9.9999999999999997e+34
 9.9999999999999997e+34
 9.9999999999999997e+34
 9.9999999999999997e+34
 9.9999999999999997e+34
 9.9999999999999997e+34
71 0
  1.2713749657763984e+02
 9.9999999999999997e+34
 9.9999999999999997e+34
 9.9999999999999997e+34
 9.9999999999999997e+34
 9.9999999999999997e+34
 9.9999999999999997e+34
 9.9999999999999997e+34
 9.9999999999999997e+34
72 0
  5.6570719983694481e+01
 9.9999999999999997e+34
 9.9999999999999997e+34
 9.9999999999999997e+34
 9.9999999999999997e+34
 9.9999999999999997e+34
 9.9999999999999997e+34
 9.9999999999999997e+34
 9.9999999999999997e+34
73 0
  5.8247890979167025e+01
 9.9999999999999997e+34
 9.9999999999999997e+34
 9.9999999999999997e+34
 9.9999999999999997e+34
 9.9999999999999997e+34
 9.9999999999999997e+34
 9.9999999999999997e+34
 9.9999999999999997e+34
74 0
  1.3089581368393070e+02
 9.9999999999999997e+34
 9.9999999999999997e+34
 9.9999999999999997e+34
 9.9999999999999997e+34
 9.9999999999999997e+34
 9.9999999999999997e+34
 9.9999999999999997e+34
 9.9999999999999997e+34
75 0
  8.4611006982443399e+01
 9.9999999999999997e+34
 9.9999999999999997e+34
 9.9999999999999997e+34
 9.9999999999999997e+34
 9.9999999999999997e+34
 9.9999999999999997e+34
 9.9999999999999997e+34
 9.9999999999999997e+34
76 0
  1.2048025194996980e+02
 9.9999999999999997e+34
 9.9999999999999997e+34
 9.9999999999999997e+34
 9.9999999999999997e+34
 9.9999999999999997e+34
 9.9999999999999997e+34
 9.9999999999999997e+34
 9.9999999999999997e+34
77 0
  1.4692216665107858e+02
 9.9999999999999997e+34
 9.9999999999999997e+34
 9.9999999999999997e+34
 9.9999999999999997e+34
 9.9999999999999997e+34
 9.9999999999999997e+34
 9.9999999999999997e+34
 9.9999999999999997e+34
78 0
  9.1703940234474814e+01
 9.9999999999999997e+34
 9.9999999999999997e+34
 9.9999999999999997e+34
 9.9999999999999997e+34
 9.9999999999999997e+34
 9.9999999999999997e+34
 9.9999999999999997e+34
 9.9999999999999997e+34
79 0
  1.0851575846109341e+02
 9.9999999999999997e+34
 9.9999999999999997e+34
 9.9999999999999997e+34
 9.9999999999999997e+34
 9.9999999999999997e+34
 9.9999999999999997e+34
 9.9999999999999997e+34
 9.9999999999999997e+34
80 0
  7.9794287387185861e+01
 9.9999999999999997e+34
 9.9999999999999997e+34
 9.9999999999999997e+34
 9.9999999999999997e+34
 9.9999999999999997e+34
 9.9999999999999997e+34
 9.9999999999999997e+34
 9.9999999999999997e+34
81 0
  1.4723064432629880e+02
 9.9999999999999997e+34
 9.9999999999999997e+34
 9.9999999999999997e+34
 9.9999999999999997e+34
 9.9999999999999997e+34
 9.9999999999999997e+34
 9.9999999999999997e+34
 9.9999999999999997e+34
82 0
  1.1571527139223892e+02
 9.9999999999999997e+34
 9.9999999999999997e+34
 9.9999999999999997e+34
 9.9999999999999997e+34
 9.9999999999999997e+34
 9.9999999999999997e+34
 9.9999999999999997e+34
 9.9999999999999997e+34
83 0
  5.7185302644588660e+01
 9.9999999999999997e+34
 9.9999999999999997e+34
 9.9999999999999997e+34
 9.9999999999999997e+34
 9.9999999999999997e+34
 9.9999999999999997e+34
 9.9999999999999997e+34
 9.9999999999999997e+34
84 0
  6.0619664390859967e+01
 9.9999999999999997e+34
 9.9999999999999997e+34
 9.9999999999999997e+34
 9.9999999999999997e+34
 9.9999999999999997e+34
 9.9999999999999997e+34
 9.9999999999999997e+34
 9.9999999999999997e+34
85 0
  8.0775328699860410e+01
 9.9999999999999997e+34
 9.9999999999999997e+34
 9.9999999999999997e+34
 9.9999999999999997e+34
 9.9999999999999997e+34
 9.9999999999999997e+34
 9.9999999999999997e+34
 9.9999999999999997e+34
86 0
  9.8058943972018994e+01
 9.9999999999999997e+34
 9.9999999999999997e+34
 9.9999999999999997e+34
 9.9999999999999997e+34
 9.9999999999999997e+34
 9.9999999999999997e+34
 9.9999999999999997e+34
 9.9999999999999997e+34
87 0
  7.3886173065233123e+01
 9.9999999999999997e+34
 9.9999999999999997e+34
 9.9999999999999997e+34
 9.9999999999999997e+34
 9.9999999999999997e+34
 9.9999999999999997e+34
 9.9999999999999997e+34
 9.9999999999999997e+34
88 0
  9.9208212039064705e+01
 9.9999999999999997e+34
 9.9999999999999997e+34
 9.9999999999999997e+34
 9.9999999999999997e+34
 9.9999999999999997e+34
 9.9999999999999997e+34
 9.9999999999999997e+34
 9.9999999999999997e+34
89 0
  7.2246377508736401e+01
 9.9999999999999997e+34
 9.9999999999999997e+34
 9.9999999999999997e+34
 9.9999999999999997e+34
 9.9999999999999997e+34
 9.9999999999999997e+34
 9.9999999999999997e+34
 9.9999999999999997e+34
90 0
  5.9619638584842740e+01
 9.9999999999999997e+34
 9.9999999999999997e+34
 9.9999999999999997e+34
 9.9999999999999997e+34
 9.9999999999999997e+34
 9.9999999999999997e+34
 9.9999999999999997e+34
 9.9999999999999997e+34
91 0
  1.3984555203553549e+02
 9.9999999999999997e+34
 9.9999999999999997e+34
 9.9999999999999997e+34
 9.9999999999999997e+34
 9.9999999999999997e+34
 9.9999999999999997e+34
 9.9999999999999997e+34
 9.9999999999999997e+34
92 0
  6.2770651634675751e+01
 9.9999999999999997e+34
 9.9999999999999997e+34
 9.9999999999999997e+34
 9.9999999999999997e+34
 9.9999999999999997e+34
 9.9999999999999997e+34
 9.9999999999999997e+34
 9.9999999999999997e+34
93 0
  1.2419251249087625e+02
 9.9999999999999997e+34
 9.9999999999999997e+34
 9.9999999999999997e+34
 9.9999999999999997e+34
 9.9999999999999997e+34
 9.9999999999999997e+34
 9.9999999999999997e+34
 9.9999999999999997e+34
94 0
  9.5035982084477311e+01
 9.9999999999999997e+34
 9.9999999999999997e+34
 9.9999999999999997e+34
 9.9999999999999997e+34
 9.9999999999999997e+34
 9.9999999999999997e+34
 9.9999999999999997e+34
 9.9999999999999997e+34
95 0
  1.0507903630476400e+02
 9.9999999999999997e+34
 9.9999999999999997e+34
 9.9999999999999997e+34
 9.9999999999999997e+34
 9.9999999999999997e+34
 9.9999999999999997e+34
 9.9999999999999997e+34
 9.9999999999999997e+34
96 0
  8.2159406475331366e+01
 9.9999999999999997e+34
 9.9999999999999997e+34
 9.9999999999999997e+34
 9.9999999999999997e+34
 9.9999999999999997e+34
 9.9999999999999997e+34
 9.9999999999999997e+34
 9.9999999999999997e+34
97 0
  1.0620254872841879e+02
 9.9999999999999997e+34
 9.9999999999999997e+34
 9.9999999999999997e+34
 9.9999999999999997e+34
 9.9999999999999997e+34
 9.9999999999999997e+34
 9.9999999999999997e+34
 9.9999999999999997e+34
98 0
  1.1422298761933250e+02
 9.9999999999999997e+34
 9.9999999999999997e+34
 9.9999999999999997e+34
 9.9999999999999997e+34
 9.9999999999999997e+34
 9.9999999999999997e+34
 9.9999999999999997e+34
 9.9999999999999997e+34
99 0
  1.1084506891520930e+02
 9.9999999999999997e+34
 9.9999999999999997e+34
 9.9999999999999997e+34
 9.9999999999999997e+34
 9.9999999999999997e+34
 9.9999999999999997e+34
 9.9999999999999997e+34
 9.9999999999999997e+34
100 0
  1.2553352210416156e+02
 9.9999999999999997e+34
 9.9999999999999997e+34
 9.9999999999999997e+34
 9.9999999999999997e+34
 9.9999999999999997e+34
 9.9999999999999997e+34
 9.9999999999999997e+34
 9.9999999999999997e+34
PSUADE_IO
PSUADE
INPUT
   num_fixed 13
   dimension = 1
   fixed 1 CSTR_Steady_State.CA0 =   1.0000000000000000e+00
   fixed 2 CSTR_Steady_State.cp =   1.0000000000000000e+00
   fixed 3 CSTR_Steady_State.cpc =   1.0000000000000000e+00
   fixed 4 CSTR_Steady_State.delH_neg =   2.0000000000000000e+05
   fixed 5 CSTR_Steady_State.E_R =   1.0000000000000000e+04
   fixed 6 CSTR_Steady_State.ha =   7.0000000000000000e+05
   fixed 7 CSTR_Steady_State.k0 =   7.2000000000000000e+10
   fixed 8 CSTR_Steady_State.q0 =   1.0000000000000000e+02
   fixed 9 CSTR_Steady_State.qc0 =   8.0000000000000000e+01
   fixed 10 CSTR_Steady_State.rho =   1.0000000000000000e+03
   fixed 11 CSTR_Steady_State.rho_c =   1.0000000000000000e+03
   fixed 12 CSTR_Steady_State.T0 =   3.5000000000000000e+02
   fixed 13 CSTR_Steady_State.TC0 =   3.5000000000000000e+02
   variable 1 CSTR_Steady_State.V  =   5.0000000000000000e+01   1.5000000000000000e+02
END
OUTPUT
   dimension = 8
   variable 1 CSTR_Steady_State.a1
   variable 2 CSTR_Steady_State.CA
   variable 3 CSTR_Steady_State.k1
   variable 4 CSTR_Steady_State.q
   variable 5 CSTR_Steady_State.qc
   variable 6 CSTR_Steady_State.T
   variable 7 CSTR_Steady_State.XA
   variable 8 graph.error
END
METHOD
   sampling = LH
   num_samples = 100
   num_replications = 1
   num_refinements = 0
   refinement_size = 10000000
   reference_num_refinements = 0
END
APPLICATION
   driver = NONE
   opt_driver = NONE
   ensemble_opt_driver = NONE
   aux_opt_driver = NONE
   max_job_wait_time = 1000000
   save_frequency = 1
END
ANALYSIS
   analyzer output_id  = 1
   analyzer rstype = MARS
   analyzer threshold = 1.000000e+00
   diagnostics 1
END
END
